##########
# Исследование № 000001
# 2025-11-04 23:32:52
##########
0000000001;11.40;29.85;-54.85;11.4;29.9;-54.8;0
0000000002;11.35;29.80;-54.80;-0.0;-0.1;0.0;0
0000000003;11.45;29.90;-54.75;0.1;0.1;0.0;0
0000000004;11.35;29.90;-54.85;-0.1;0.0;-0.1;0
0000000005;11.40;29.80;-54.95;0.0;-0.1;-0.1;0
0000000006;11.40;29.70;-55.00;0.0;-0.1;-0.0;0
0000000007;11.50;29.75;-54.90;0.1;0.0;0.1;0
0000000008;11.60;29.65;-54.95;0.1;-0.1;-0.0;0
0000000009;11.50;29.60;-54.95;-0.1;-0.0;0.0;0
0000000010;11.40;29.65;-55.00;-0.1;0.0;-0.0;0
0000000011;11.45;29.70;-55.05;0.1;0.1;-0.0;0
0000000012;11.50;29.65;-55.05;0.1;-0.1;0.0;0
0000000013;11.45;29.55;-54.95;-0.1;-0.1;0.1;0
0000000014;11.40;29.45;-54.85;-0.1;-0.1;0.1;0
0000000015;11.50;29.35;-54.85;0.1;-0.1;0.0;0
0000000016;11.45;29.30;-54.85;-0.1;-0.1;0.0;0
0000000017;11.40;29.20;-54.80;-0.1;-0.1;0.0;0
0000000018;11.30;29.10;-54.90;-0.1;-0.1;-0.1;0
0000000019;11.20;29.15;-54.85;-0.1;0.0;0.1;0
0000000020;11.20;29.15;-54.90;0.0;0.0;-0.1;0
0000000021;11.30;29.10;-54.95;0.1;-0.0;-0.0;0
0000000022;11.25;29.10;-55.05;-0.1;0.0;-0.1;0
0000000023;11.15;29.05;-55.00;-0.1;-0.1;0.0;0
0000000024;11.15;29.00;-55.00;0.0;-0.0;0.0;0
0000000025;11.20;28.90;-54.90;0.1;-0.1;0.1;0
0000000026;11.10;28.90;-54.85;-0.1;0.0;0.1;0
0000000027;11.15;28.85;-54.75;0.0;-0.0;0.1;0
0000000028;11.10;28.80;-54.70;-0.0;-0.1;0.0;0
0000000029;11.10;28.80;-54.65;0.0;0.0;0.0;0
0000000030;11.10;28.90;-54.70;0.0;0.1;-0.0;0
0000000031;11.15;28.85;-54.70;0.0;-0.0;0.0;0
0000000032;11.20;28.80;-54.80;0.1;-0.1;-0.1;0
0000000033;11.10;28.75;-54.75;-0.1;-0.0;0.0;0
0000000034;11.00;28.75;-54.80;-0.1;0.0;-0.0;0
0000000035;10.95;28.80;-54.90;-0.1;0.0;-0.1;0
0000000036;11.05;28.90;-54.90;0.1;0.1;0.0;0
0000000037;10.95;28.90;-54.85;-0.1;0.0;0.1;0
0000000038;10.95;28.95;-54.85;0.0;0.1;0.0;0
0000000039;10.90;29.00;-54.75;-0.1;0.0;0.1;0
0000000040;10.85;29.00;-54.65;-0.0;0.0;0.1;0
0000000041;10.75;28.95;-54.65;-0.1;-0.0;0.0;0
0000000042;10.65;29.05;-54.60;-0.1;0.1;0.1;0
0000000043;10.70;29.10;-54.70;0.1;0.1;-0.1;0
0000000044;10.75;29.10;-54.75;0.1;0.0;-0.0;0
0000000045;10.75;29.10;-54.65;0.0;0.0;0.1;0
0000000046;10.85;29.15;-54.70;0.1;0.0;-0.0;0
0000000047;10.85;29.20;-54.70;0.0;0.1;0.0;0
0000000048;10.85;29.30;-54.60;0.0;0.1;0.1;0
0000000049;10.95;29.35;-54.60;0.1;0.1;0.0;0
0000000050;11.00;29.35;-54.60;0.1;0.0;0.0;0
0000000051;10.90;29.30;-54.60;-0.1;-0.1;0.0;0
0000000052;10.80;29.20;-54.50;-0.1;-0.1;0.1;0
0000000053;10.75;29.30;-54.40;-0.1;0.1;0.1;0
0000000054;10.85;29.20;-54.40;0.1;-0.1;0.0;0
0000000055;10.95;29.20;-54.45;0.1;0.0;-0.0;0
0000000056;11.00;29.25;-54.55;0.1;0.0;-0.1;0
0000000057;11.00;29.30;-54.45;0.0;0.0;0.1;0
0000000058;10.90;29.25;-54.55;-0.1;-0.0;-0.1;0
0000000059;10.95;29.30;-54.50;0.1;0.0;0.0;0
0000000060;11.05;29.30;-54.40;0.1;0.0;0.1;0
0000000061;11.15;29.20;-54.40;0.1;-0.1;0.0;0
0000000062;11.20;29.10;-54.50;0.1;-0.1;-0.1;0
0000000063;11.25;29.05;-54.55;0.1;-0.1;-0.0;0
0000000064;11.20;29.00;-54.45;-0.1;-0.0;0.1;0
0000000065;11.30;29.00;-54.50;0.1;0.0;-0.0;0
0000000066;11.30;29.10;-54.60;0.0;0.1;-0.1;0
0000000067;11.35;29.00;-54.60;0.1;-0.1;0.0;0
0000000068;11.35;28.90;-54.50;0.0;-0.1;0.1;0
0000000069;11.30;28.95;-54.40;-0.1;0.1;0.1;0
0000000070;11.30;28.85;-54.30;0.0;-0.1;0.1;0
0000000071;11.25;28.90;-54.20;-0.1;0.0;0.1;0
0000000072;11.20;28.85;-54.25;-0.1;-0.0;-0.0;0
0000000073;11.20;28.95;-54.20;0.0;0.1;0.0;0
0000000074;11.30;29.00;-54.20;0.1;0.0;0.0;0
0000000075;11.40;28.95;-54.20;0.1;-0.0;0.0;1
0000000076;11.45;28.90;-54.10;0.1;-0.1;0.1;1
0000000077;11.40;28.95;-54.10;-0.1;0.1;0.0;1
0000000078;11.45;28.95;-54.00;0.1;0.0;0.1;1
0000000079;11.40;28.85;-53.95;-0.1;-0.1;0.0;1
0000000080;11.35;28.85;-54.00;-0.0;0.0;-0.0;1
0000000081;11.40;28.75;-54.10;0.0;-0.1;-0.1;1
0000000082;11.40;28.70;-54.20;0.0;-0.0;-0.1;1
0000000083;11.45;28.75;-54.20;0.1;0.0;0.0;1
0000000084;11.55;28.75;-54.30;0.1;0.0;-0.1;1
0000000085;11.65;28.65;-54.25;0.1;-0.1;0.0;1
0000000086;11.70;28.70;-54.20;0.1;0.1;0.0;1
0000000087;11.80;28.60;-54.20;0.1;-0.1;0.0;1
0000000088;11.80;28.55;-54.10;0.0;-0.1;0.1;1
0000000089;11.80;28.55;-54.05;0.0;0.0;0.0;1
0000000090;11.75;28.65;-54.00;-0.1;0.1;0.0;1
0000000091;11.85;28.60;-53.95;0.1;-0.0;0.0;1
0000000092;11.90;28.50;-53.85;0.0;-0.1;0.1;1
0000000093;11.80;28.55;-53.80;-0.1;0.0;0.0;1
0000000094;11.90;28.55;-53.75;0.1;0.0;0.0;1
0000000095;12.00;28.60;-53.70;0.1;0.1;0.0;1
0000000096;11.90;28.70;-53.75;-0.1;0.1;-0.0;1
0000000097;11.85;28.75;-53.70;-0.0;0.0;0.0;1
0000000098;11.90;28.70;-53.65;0.0;-0.0;0.0;1
0000000099;11.90;28.80;-53.70;0.0;0.1;-0.0;1
0000000100;11.90;28.80;-53.70;0.0;0.0;0.0;1
0000000101;12.00;28.75;-53.60;0.1;-0.0;0.1;1
0000000102;12.00;28.65;-53.60;0.0;-0.1;0.0;1
0000000103;11.95;28.65;-53.60;-0.1;0.0;0.0;1
0000000104;11.95;28.70;-53.65;0.0;0.1;-0.1;1
0000000105;11.90;28.65;-53.70;-0.1;-0.1;-0.0;1
0000000106;11.90;28.70;-53.70;0.0;0.1;0.0;1
0000000107;11.80;28.80;-53.65;-0.1;0.1;0.0;1
0000000108;11.70;28.70;-53.65;-0.1;-0.1;0.0;1
0000000109;11.75;28.80;-53.55;0.1;0.1;0.1;1
0000000110;11.65;28.90;-53.50;-0.1;0.1;0.0;1
0000000111;11.65;28.90;-53.55;0.0;0.0;-0.0;1
0000000112;11.75;28.80;-53.50;0.1;-0.1;0.0;1
0000000113;11.75;28.85;-53.55;0.0;0.1;-0.0;1
0000000114;11.80;28.75;-53.45;0.1;-0.1;0.1;1
0000000115;11.80;28.85;-53.35;0.0;0.1;0.1;1
0000000116;11.90;28.85;-53.40;0.1;0.0;-0.1;1
0000000117;12.00;28.85;-53.40;0.1;0.0;0.0;1
0000000118;12.05;28.80;-53.30;0.1;-0.1;0.1;1
0000000119;12.15;28.70;-53.20;0.1;-0.1;0.1;1
0000000120;12.25;28.80;-53.30;0.1;0.1;-0.1;1
0000000121;12.30;28.85;-53.40;0.1;0.1;-0.1;1
0000000122;12.25;28.80;-53.50;-0.1;-0.1;-0.1;1
0000000123;12.15;28.80;-53.45;-0.1;0.0;0.0;1
0000000124;12.20;28.80;-53.50;0.1;0.0;-0.0;1
0000000125;12.20;28.80;-53.60;0.0;0.0;-0.1;1
0000000126;12.25;28.90;-53.50;0.1;0.1;0.1;1
0000000127;12.20;29.00;-53.60;-0.1;0.1;-0.1;1
0000000128;12.10;29.10;-53.65;-0.1;0.1;-0.1;1
0000000129;12.05;29.20;-53.55;-0.1;0.1;0.1;1
0000000130;12.10;29.15;-53.65;0.1;-0.1;-0.1;1
0000000131;12.10;29.10;-53.70;0.0;-0.0;-0.0;1
0000000132;12.15;29.10;-53.80;0.0;0.0;-0.1;1
0000000133;12.20;29.20;-53.70;0.1;0.1;0.1;1
0000000134;12.25;29.15;-53.65;0.1;-0.1;0.0;1
0000000135;12.20;29.25;-53.60;-0.1;0.1;0.1;1
0000000136;12.20;29.15;-53.65;0.0;-0.1;-0.1;1
0000000137;12.25;29.25;-53.60;0.1;0.1;0.1;1
0000000138;12.35;29.30;-53.55;0.1;0.0;0.0;1
0000000139;12.30;29.35;-53.45;-0.1;0.1;0.1;1
0000000140;12.25;29.45;-53.45;-0.1;0.1;0.0;1
0000000141;12.30;29.40;-53.55;0.1;-0.1;-0.1;1
0000000142;12.20;29.50;-53.65;-0.1;0.1;-0.1;1
0000000143;12.10;29.55;-53.75;-0.1;0.0;-0.1;1
0000000144;12.15;29.50;-53.75;0.0;-0.0;0.0;1
0000000145;12.10;29.50;-53.75;-0.0;0.0;0.0;1
0000000146;12.00;29.45;-53.85;-0.1;-0.0;-0.1;1
0000000147;11.90;29.40;-53.75;-0.1;-0.1;0.1;1
0000000148;11.90;29.35;-53.80;0.0;-0.0;-0.0;1
0000000149;12.00;29.30;-53.85;0.1;-0.1;-0.0;1
0000000150;11.90;29.35;-53.90;-0.1;0.1;-0.1;1
0000000151;11.90;29.25;-53.80;0.0;-0.1;0.1;1
0000000152;11.80;29.35;-53.70;-0.1;0.1;0.1;1
0000000153;11.70;29.25;-53.65;-0.1;-0.1;0.0;1
0000000154;11.60;29.15;-53.75;-0.1;-0.1;-0.1;1
0000000155;11.70;29.10;-53.80;0.1;-0.0;-0.0;1
0000000156;11.65;29.15;-53.70;-0.1;0.0;0.1;1
0000000157;11.55;29.05;-53.75;-0.1;-0.1;-0.0;1
0000000158;11.65;29.05;-53.70;0.1;0.0;0.0;1
0000000159;11.65;29.10;-53.70;0.0;0.1;0.0;1
0000000160;11.70;29.15;-53.60;0.1;0.0;0.1;1
0000000161;11.75;29.05;-53.55;0.1;-0.1;0.0;1
0000000162;11.85;29.15;-53.45;0.1;0.1;0.1;1
0000000163;11.95;29.20;-53.35;0.1;0.1;0.1;1
0000000164;12.00;29.15;-53.40;0.1;-0.1;-0.1;1
0000000165;12.05;29.15;-53.45;0.1;0.0;-0.0;1
0000000166;12.00;29.15;-53.45;-0.1;0.0;0.0;1
0000000167;11.95;29.25;-53.35;-0.1;0.1;0.1;1
0000000168;12.00;29.20;-53.40;0.1;-0.0;-0.1;1
0000000169;11.95;29.30;-53.40;-0.1;0.1;0.0;1
0000000170;12.00;29.30;-53.40;0.1;0.0;0.0;1
0000000171;12.00;29.40;-53.35;0.0;0.1;0.1;1
0000000172;12.05;29.50;-53.40;0.1;0.1;-0.1;1
0000000173;12.15;29.45;-53.35;0.1;-0.0;0.1;1
0000000174;12.15;29.40;-53.35;0.0;-0.1;0.0;1
0000000175;12.15;29.50;-53.25;0.0;0.1;0.1;1
0000000176;12.20;29.45;-53.20;0.1;-0.0;0.0;1
0000000177;12.15;29.55;-53.15;-0.1;0.1;0.0;1
0000000178;12.25;29.50;-53.25;0.1;-0.0;-0.1;1
0000000179;12.30;29.45;-53.30;0.1;-0.0;-0.0;1
0000000180;12.40;29.40;-53.40;0.1;-0.1;-0.1;1
0000000181;12.50;29.40;-53.45;0.1;0.0;-0.0;1
0000000182;12.45;29.35;-53.40;-0.1;-0.0;0.0;1
0000000183;12.45;29.35;-53.40;0.0;0.0;0.0;1
0000000184;12.50;29.35;-53.30;0.1;0.0;0.1;1
0000000185;12.45;29.45;-53.30;-0.1;0.1;0.0;1
0000000186;12.45;29.45;-53.40;0.0;0.0;-0.1;1
0000000187;12.35;29.40;-53.35;-0.1;-0.1;0.1;1
0000000188;12.40;29.50;-53.30;0.0;0.1;0.0;1
0000000189;12.45;29.60;-53.40;0.1;0.1;-0.1;1
0000000190;12.35;29.60;-53.50;-0.1;0.0;-0.1;1
0000000191;12.25;29.50;-53.40;-0.1;-0.1;0.1;1
0000000192;12.35;29.55;-53.40;0.1;0.0;0.0;1
0000000193;12.45;29.45;-53.35;0.1;-0.1;0.1;1
0000000194;12.35;29.55;-53.25;-0.1;0.1;0.1;1
0000000195;12.25;29.65;-53.25;-0.1;0.1;0.0;1
0000000196;12.15;29.70;-53.30;-0.1;0.1;-0.0;1
0000000197;12.05;29.60;-53.40;-0.1;-0.1;-0.1;1
0000000198;12.10;29.50;-53.40;0.1;-0.1;0.0;1
0000000199;12.20;29.55;-53.40;0.1;0.0;0.0;1
0000000200;12.30;29.65;-53.45;0.1;0.1;-0.0;1
0000000201;12.40;29.55;-53.50;0.1;-0.1;-0.0;1
0000000202;12.40;29.55;-53.45;0.0;0.0;0.0;1
0000000203;12.45;29.60;-53.45;0.1;0.1;0.0;1
0000000204;12.35;29.70;-53.45;-0.1;0.1;0.0;1
0000000205;12.35;29.70;-53.45;0.0;0.0;0.0;1
0000000206;12.25;29.60;-53.35;-0.1;-0.1;0.1;1
0000000207;12.20;29.55;-53.35;-0.1;-0.1;0.0;1
0000000208;12.20;29.60;-53.45;0.0;0.1;-0.1;1
0000000209;12.10;29.70;-53.45;-0.1;0.1;0.0;1
0000000210;12.20;29.70;-53.50;0.1;0.0;-0.0;1
0000000211;12.20;29.70;-53.60;0.0;0.0;-0.1;1
0000000212;12.25;29.75;-53.55;0.1;0.0;0.0;1
0000000213;12.25;29.70;-53.60;0.0;-0.0;-0.0;1
0000000214;12.15;29.60;-53.70;-0.1;-0.1;-0.1;1
0000000215;12.10;29.70;-53.70;-0.0;0.1;0.0;1
0000000216;12.20;29.60;-53.70;0.1;-0.1;0.0;1
0000000217;12.25;29.70;-53.75;0.1;0.1;-0.0;1
0000000218;12.20;29.60;-53.70;-0.1;-0.1;0.0;1
0000000219;12.25;29.50;-53.65;0.1;-0.1;0.0;1
0000000220;12.30;29.45;-53.60;0.1;-0.0;0.1;1
0000000221;12.20;29.55;-53.70;-0.1;0.1;-0.1;1
0000000222;12.10;29.65;-53.75;-0.1;0.1;-0.0;1
0000000223;12.00;29.75;-53.80;-0.1;0.1;-0.0;1
0000000224;11.95;29.65;-53.75;-0.1;-0.1;0.0;1
0000000225;12.05;29.75;-53.70;0.1;0.1;0.0;1
0000000226;12.00;29.85;-53.60;-0.1;0.1;0.1;1
0000000227;11.95;29.75;-53.60;-0.1;-0.1;0.0;1
0000000228;11.85;29.85;-53.60;-0.1;0.1;0.0;1
0000000229;11.80;29.95;-53.65;-0.1;0.1;-0.1;1
0000000230;11.85;29.90;-53.70;0.1;-0.1;-0.0;1
0000000231;11.95;29.85;-53.80;0.1;-0.0;-0.1;1
0000000232;12.00;29.75;-53.70;0.1;-0.1;0.1;1
0000000233;12.05;29.75;-53.70;0.1;0.0;0.0;1
0000000234;11.95;29.70;-53.60;-0.1;-0.0;0.1;1
0000000235;11.85;29.70;-53.50;-0.1;0.0;0.1;1
0000000236;11.80;29.75;-53.40;-0.1;0.0;0.1;1
0000000237;11.70;29.70;-53.40;-0.1;-0.0;0.0;1
0000000238;11.60;29.75;-53.30;-0.1;0.0;0.1;1
0000000239;11.70;29.70;-53.40;0.1;-0.0;-0.1;1
0000000240;11.70;29.65;-53.30;0.0;-0.1;0.1;1
0000000241;11.60;29.60;-53.20;-0.1;-0.0;0.1;1
0000000242;11.70;29.55;-53.10;0.1;-0.1;0.1;1
0000000243;11.60;29.50;-53.20;-0.1;-0.0;-0.1;1
0000000244;11.50;29.60;-53.10;-0.1;0.1;0.1;1
0000000245;11.40;29.65;-53.00;-0.1;0.0;0.1;1
0000000246;11.40;29.65;-53.05;0.0;0.0;-0.0;1
0000000247;11.45;29.75;-53.10;0.1;0.1;-0.0;1
0000000248;11.35;29.70;-53.05;-0.1;-0.0;0.0;1
0000000249;11.35;29.65;-52.95;0.0;-0.1;0.1;1
0000000250;11.25;29.60;-52.95;-0.1;-0.0;0.0;1
0000000251;11.35;29.55;-52.90;0.1;-0.1;0.0;1
0000000252;11.40;29.55;-53.00;0.0;0.0;-0.1;1
0000000253;11.50;29.50;-53.10;0.1;-0.0;-0.1;1
0000000254;11.50;29.45;-53.05;0.0;-0.0;0.0;1
0000000255;11.55;29.55;-53.10;0.1;0.1;-0.0;1
0000000256;11.50;29.55;-53.00;-0.1;0.0;0.1;1
0000000257;11.50;29.55;-52.95;0.0;0.0;0.0;1
0000000258;11.40;29.65;-52.85;-0.1;0.1;0.1;1
0000000259;11.50;29.60;-52.95;0.1;-0.0;-0.1;1
0000000260;11.40;29.70;-52.90;-0.1;0.1;0.0;1
0000000261;11.30;29.70;-52.80;-0.1;0.0;0.1;1
0000000262;11.25;29.70;-52.75;-0.1;0.0;0.0;1
0000000263;11.20;29.65;-52.75;-0.1;-0.1;0.0;1
0000000264;11.25;29.70;-52.70;0.1;0.1;0.0;1
0000000265;11.25;29.60;-52.65;0.0;-0.1;0.0;1
0000000266;11.15;29.70;-52.70;-0.1;0.1;-0.0;1
0000000267;11.15;29.75;-52.70;0.0;0.0;0.0;1
0000000268;11.15;29.70;-52.70;0.0;-0.0;0.0;1
0000000269;11.10;29.80;-52.65;-0.0;0.1;0.0;1
0000000270;11.10;29.75;-52.65;0.0;-0.0;0.0;1
0000000271;11.05;29.85;-52.65;-0.1;0.1;0.0;1
0000000272;11.10;29.85;-52.70;0.1;0.0;-0.0;1
0000000273;11.15;29.80;-52.60;0.0;-0.1;0.1;1
0000000274;11.20;29.80;-52.60;0.1;0.0;0.0;1
0000000275;11.30;29.90;-52.55;0.1;0.1;0.0;1
0000000276;11.30;29.90;-52.55;0.0;0.0;0.0;1
0000000277;11.35;29.80;-52.60;0.1;-0.1;-0.0;1
0000000278;11.40;29.70;-52.70;0.0;-0.1;-0.1;1
0000000279;11.45;29.70;-52.60;0.1;0.0;0.1;1
0000000280;11.35;29.60;-52.60;-0.1;-0.1;0.0;1
0000000281;11.40;29.60;-52.50;0.0;0.0;0.1;1
0000000282;11.50;29.65;-52.50;0.1;0.0;0.0;1
0000000283;11.50;29.65;-52.60;0.0;0.0;-0.1;1
0000000284;11.45;29.75;-52.60;-0.1;0.1;0.0;1
0000000285;11.50;29.65;-52.70;0.1;-0.1;-0.1;1
0000000286;11.50;29.70;-52.60;0.0;0.1;0.1;1
0000000287;11.50;29.70;-52.50;0.0;0.0;0.1;1
0000000288;11.45;29.60;-52.40;-0.1;-0.1;0.1;1
0000000289;11.45;29.60;-52.30;0.0;0.0;0.1;1
0000000290;11.40;29.50;-52.20;-0.1;-0.1;0.1;1
0000000291;11.35;29.55;-52.10;-0.0;0.0;0.1;1
0000000292;11.40;29.50;-52.15;0.0;-0.0;-0.1;1
0000000293;11.35;29.55;-52.25;-0.0;0.0;-0.1;1
0000000294;11.40;29.55;-52.35;0.0;0.0;-0.1;1
0000000295;11.30;29.55;-52.45;-0.1;0.0;-0.1;1
0000000296;11.25;29.45;-52.55;-0.1;-0.1;-0.1;1
0000000297;11.20;29.45;-52.55;-0.1;0.0;0.0;0
0000000298;11.15;29.55;-52.50;-0.1;0.1;0.0;0
0000000299;11.10;29.45;-52.45;-0.0;-0.1;0.0;0
0000000300;11.05;29.40;-52.55;-0.1;-0.1;-0.1;0
0000000301;10.95;29.45;-52.45;-0.1;0.1;0.1;0
0000000302;10.90;29.45;-52.55;-0.1;0.0;-0.1;0
0000000303;10.85;29.50;-52.55;-0.0;0.0;0.0;0
0000000304;10.95;29.50;-52.45;0.1;0.0;0.1;0
0000000305;11.00;29.55;-52.40;0.1;0.0;0.0;0
0000000306;11.05;29.60;-52.45;0.1;0.1;-0.0;0
0000000307;11.05;29.70;-52.40;0.0;0.1;0.0;0
0000000308;11.00;29.60;-52.35;-0.1;-0.1;0.1;0
0000000309;11.00;29.70;-52.40;0.0;0.1;-0.1;0
0000000310;10.90;29.60;-52.30;-0.1;-0.1;0.1;0
0000000311;10.95;29.55;-52.40;0.1;-0.1;-0.1;0
0000000312;11.00;29.45;-52.40;0.1;-0.1;0.0;0
0000000313;11.10;29.55;-52.45;0.1;0.1;-0.0;0
0000000314;11.00;29.60;-52.40;-0.1;0.1;0.0;0
0000000315;10.90;29.55;-52.35;-0.1;-0.1;0.1;0
0000000316;10.80;29.45;-52.25;-0.1;-0.1;0.1;0
0000000317;10.90;29.45;-52.35;0.1;0.0;-0.1;0
0000000318;10.90;29.55;-52.40;0.0;0.1;-0.1;0
0000000319;11.00;29.60;-52.30;0.1;0.1;0.1;0
0000000320;11.00;29.60;-52.30;0.0;0.0;0.0;0
0000000321;10.95;29.70;-52.40;-0.1;0.1;-0.1;0
0000000322;10.90;29.65;-52.30;-0.1;-0.1;0.1;0
0000000323;10.80;29.60;-52.40;-0.1;-0.0;-0.1;0
0000000324;10.70;29.65;-52.40;-0.1;0.0;0.0;0
0000000325;10.70;29.60;-52.30;0.0;-0.0;0.1;0
0000000326;10.80;29.65;-52.30;0.1;0.0;0.0;0
0000000327;10.75;29.65;-52.30;-0.1;0.0;0.0;0
0000000328;10.75;29.65;-52.40;0.0;0.0;-0.1;0
0000000329;10.70;29.55;-52.40;-0.1;-0.1;0.0;0
0000000330;10.65;29.65;-52.30;-0.1;0.1;0.1;0
0000000331;10.60;29.75;-52.30;-0.0;0.1;0.0;0
0000000332;10.55;29.85;-52.25;-0.1;0.1;0.0;0
0000000333;10.65;29.95;-52.15;0.1;0.1;0.1;0
0000000334;10.75;29.95;-52.20;0.1;0.0;-0.0;0
0000000335;10.80;30.00;-52.15;0.1;0.0;0.0;0
0000000336;10.80;30.10;-52.25;0.0;0.1;-0.1;0
0000000337;10.80;30.10;-52.30;0.0;0.0;-0.0;0
0000000338;10.75;30.20;-52.35;-0.1;0.1;-0.0;0
0000000339;10.75;30.10;-52.25;0.0;-0.1;0.1;0
0000000340;10.80;30.05;-52.30;0.1;-0.1;-0.0;0
0000000341;10.90;30.10;-52.35;0.1;0.1;-0.0;0
0000000342;10.85;30.10;-52.40;-0.0;0.0;-0.1;0
0000000343;10.80;30.05;-52.50;-0.1;-0.1;-0.1;0
0000000344;10.85;30.10;-52.60;0.1;0.1;-0.1;0
0000000345;10.95;30.00;-52.70;0.1;-0.1;-0.1;0
0000000346;10.95;29.95;-52.65;0.0;-0.0;0.0;0
0000000347;10.85;29.85;-52.70;-0.1;-0.1;-0.0;0
0000000348;10.80;29.90;-52.75;-0.1;0.0;-0.0;0
0000000349;10.75;29.95;-52.65;-0.1;0.1;0.1;0
0000000350;10.75;29.90;-52.70;0.0;-0.1;-0.0;0
0000000351;10.85;29.80;-52.80;0.1;-0.1;-0.1;0
0000000352;10.90;29.75;-52.85;0.0;-0.0;-0.0;0
0000000353;10.80;29.85;-52.85;-0.1;0.1;0.0;0
0000000354;10.70;29.80;-52.75;-0.1;-0.1;0.1;0
0000000355;10.80;29.90;-52.80;0.1;0.1;-0.0;0
0000000356;10.90;29.80;-52.80;0.1;-0.1;0.0;0
0000000357;10.90;29.70;-52.80;0.0;-0.1;0.0;0
0000000358;10.80;29.60;-52.75;-0.1;-0.1;0.0;0
0000000359;10.80;29.50;-52.70;0.0;-0.1;0.0;0
0000000360;10.85;29.45;-52.65;0.1;-0.0;0.0;0
0000000361;10.85;29.45;-52.70;0.0;0.0;-0.0;0
0000000362;10.75;29.40;-52.80;-0.1;-0.1;-0.1;0
0000000363;10.70;29.30;-52.70;-0.1;-0.1;0.1;0
0000000364;10.75;29.40;-52.60;0.1;0.1;0.1;0
0000000365;10.85;29.30;-52.55;0.1;-0.1;0.0;0
0000000366;10.85;29.25;-52.55;0.0;-0.0;0.0;0
0000000367;10.80;29.30;-52.45;-0.1;0.0;0.1;0
0000000368;10.80;29.30;-52.55;0.0;0.0;-0.1;0
0000000369;10.85;29.40;-52.60;0.1;0.1;-0.0;0
0000000370;10.85;29.30;-52.55;0.0;-0.1;0.0;0
0000000371;10.85;29.35;-52.60;0.0;0.1;-0.0;0
0000000372;10.95;29.35;-52.55;0.1;0.0;0.0;0
0000000373;10.95;29.40;-52.60;0.0;0.0;-0.0;0
0000000374;11.05;29.50;-52.65;0.1;0.1;-0.1;0
0000000375;10.95;29.40;-52.65;-0.1;-0.1;0.0;0
0000000376;10.90;29.30;-52.60;-0.1;-0.1;0.1;0
0000000377;11.00;29.30;-52.55;0.1;0.0;0.0;0
0000000378;10.90;29.25;-52.45;-0.1;-0.0;0.1;0
0000000379;10.80;29.15;-52.35;-0.1;-0.1;0.1;0
0000000380;10.85;29.05;-52.25;0.1;-0.1;0.1;0
0000000381;10.80;29.15;-52.30;-0.1;0.1;-0.0;0
0000000382;10.85;29.10;-52.30;0.1;-0.0;0.0;0
0000000383;10.90;29.05;-52.35;0.0;-0.1;-0.0;0
0000000384;11.00;29.00;-52.40;0.1;-0.0;-0.1;0
0000000385;11.10;29.05;-52.35;0.1;0.0;0.1;0
0000000386;11.00;29.00;-52.45;-0.1;-0.0;-0.1;0
0000000387;10.95;29.05;-52.55;-0.1;0.0;-0.1;0
0000000388;10.90;29.00;-52.65;-0.1;-0.0;-0.1;0
0000000389;10.85;28.90;-52.60;-0.0;-0.1;0.1;0
0000000390;10.90;29.00;-52.65;0.0;0.1;-0.1;0
0000000391;11.00;28.95;-52.75;0.1;-0.0;-0.1;0
0000000392;10.95;29.00;-52.80;-0.1;0.0;-0.0;0
0000000393;10.95;28.90;-52.90;0.0;-0.1;-0.1;0
0000000394;10.90;28.95;-53.00;-0.1;0.1;-0.1;0
0000000395;10.90;28.95;-52.90;0.0;0.0;0.1;0
0000000396;10.90;29.00;-53.00;0.0;0.0;-0.1;0
0000000397;10.80;28.95;-53.00;-0.1;-0.0;0.0;0
0000000398;10.85;28.85;-52.95;0.1;-0.1;0.0;0
0000000399;10.80;28.75;-52.90;-0.1;-0.1;0.0;0
0000000400;10.75;28.80;-52.95;-0.1;0.0;-0.0;0
0000000401;10.70;28.70;-52.90;-0.1;-0.1;0.0;0
0000000402;10.80;28.70;-53.00;0.1;0.0;-0.1;0
0000000403;10.90;28.80;-53.10;0.1;0.1;-0.1;0
0000000404;10.80;28.90;-53.20;-0.1;0.1;-0.1;0
0000000405;10.90;28.85;-53.10;0.1;-0.0;0.1;0
0000000406;10.85;28.95;-53.00;-0.0;0.1;0.1;0
0000000407;10.90;28.90;-52.95;0.0;-0.1;0.0;0
0000000408;11.00;28.95;-52.90;0.1;0.1;0.0;0
0000000409;11.00;28.85;-52.90;0.0;-0.1;0.0;0
0000000410;10.95;28.80;-52.95;-0.1;-0.1;-0.0;0
0000000411;10.95;28.70;-52.90;0.0;-0.1;0.0;0
0000000412;11.05;28.70;-52.90;0.1;0.0;0.0;0
0000000413;11.00;28.60;-52.90;-0.1;-0.1;0.0;0
0000000414;10.95;28.70;-53.00;-0.1;0.1;-0.1;0
0000000415;11.05;28.60;-53.10;0.1;-0.1;-0.1;0
0000000416;11.15;28.65;-53.20;0.1;0.0;-0.1;0
0000000417;11.10;28.75;-53.25;-0.0;0.1;-0.0;0
0000000418;11.05;28.80;-53.20;-0.1;0.0;0.0;0
0000000419;11.10;28.75;-53.25;0.1;-0.0;-0.0;0
0000000420;11.15;28.70;-53.25;0.0;-0.0;0.0;0
0000000421;11.05;28.75;-53.25;-0.1;0.0;0.0;0
0000000422;10.95;28.65;-53.25;-0.1;-0.1;0.0;0
0000000423;10.85;28.60;-53.20;-0.1;-0.0;0.0;0
0000000424;10.90;28.50;-53.10;0.0;-0.1;0.1;0
0000000425;10.80;28.50;-53.15;-0.1;0.0;-0.1;0
0000000426;10.80;28.55;-53.25;0.0;0.0;-0.1;0
0000000427;10.85;28.45;-53.30;0.1;-0.1;-0.0;0
0000000428;10.90;28.45;-53.40;0.0;0.0;-0.1;0
0000000429;10.85;28.45;-53.50;-0.0;0.0;-0.1;0
0000000430;10.90;28.55;-53.45;0.0;0.1;0.0;0
0000000431;11.00;28.50;-53.55;0.1;-0.0;-0.1;0
0000000432;10.95;28.45;-53.50;-0.1;-0.0;0.0;0
0000000433;10.95;28.45;-53.45;0.0;0.0;0.0;0
0000000434;11.05;28.55;-53.45;0.1;0.1;0.0;0
0000000435;11.05;28.45;-53.55;0.0;-0.1;-0.1;0
0000000436;11.15;28.45;-53.45;0.1;0.0;0.1;0
0000000437;11.25;28.35;-53.50;0.1;-0.1;-0.0;0
0000000438;11.20;28.30;-53.45;-0.1;-0.1;0.0;0
0000000439;11.30;28.30;-53.35;0.1;0.0;0.1;0
0000000440;11.35;28.20;-53.30;0.1;-0.1;0.0;0
0000000441;11.35;28.30;-53.30;0.0;0.1;0.0;0
0000000442;11.45;28.25;-53.40;0.1;-0.0;-0.1;0
0000000443;11.50;28.30;-53.50;0.1;0.0;-0.1;0
0000000444;11.60;28.40;-53.45;0.1;0.1;0.0;0
0000000445;11.50;28.40;-53.55;-0.1;0.0;-0.1;0
0000000446;11.45;28.35;-53.65;-0.1;-0.0;-0.1;0
0000000447;11.35;28.40;-53.70;-0.1;0.0;-0.0;0
0000000448;11.35;28.35;-53.70;0.0;-0.0;0.0;0
0000000449;11.30;28.25;-53.70;-0.1;-0.1;0.0;0
0000000450;11.35;28.15;-53.80;0.1;-0.1;-0.1;0
0000000451;11.35;28.25;-53.70;0.0;0.1;0.1;0
0000000452;11.30;28.35;-53.65;-0.1;0.1;0.0;0
0000000453;11.20;28.45;-53.65;-0.1;0.1;0.0;0
0000000454;11.25;28.35;-53.75;0.1;-0.1;-0.1;0
0000000455;11.35;28.30;-53.75;0.1;-0.1;0.0;0
0000000456;11.40;28.20;-53.70;0.0;-0.1;0.0;0
0000000457;11.45;28.20;-53.80;0.1;0.0;-0.1;0
0000000458;11.40;28.20;-53.90;-0.1;0.0;-0.1;0
0000000459;11.35;28.25;-53.80;-0.0;0.0;0.1;0
0000000460;11.25;28.15;-53.90;-0.1;-0.1;-0.1;0
0000000461;11.25;28.25;-53.85;0.0;0.1;0.1;0
0000000462;11.30;28.15;-53.80;0.1;-0.1;0.0;0
0000000463;11.35;28.15;-53.80;0.1;0.0;0.0;0
0000000464;11.35;28.25;-53.70;0.0;0.1;0.1;0
0000000465;11.25;28.20;-53.80;-0.1;-0.0;-0.1;0
0000000466;11.30;28.20;-53.70;0.1;0.0;0.1;0
0000000467;11.20;28.15;-53.75;-0.1;-0.1;-0.0;0
0000000468;11.30;28.05;-53.70;0.1;-0.1;0.0;0
0000000469;11.25;28.10;-53.70;-0.1;0.1;0.0;0
0000000470;11.20;28.00;-53.80;-0.1;-0.1;-0.1;0
0000000471;11.20;27.95;-53.70;0.0;-0.0;0.1;0
0000000472;11.25;27.95;-53.75;0.1;0.0;-0.0;0
0000000473;11.15;28.05;-53.85;-0.1;0.1;-0.1;0
0000000474;11.20;28.00;-53.85;0.1;-0.0;0.0;0
0000000475;11.15;27.95;-53.95;-0.1;-0.0;-0.1;0
0000000476;11.15;27.85;-53.90;0.0;-0.1;0.0;0
0000000477;11.20;27.75;-53.95;0.1;-0.1;-0.0;0
0000000478;11.10;27.75;-54.05;-0.1;0.0;-0.1;0
0000000479;11.15;27.75;-54.15;0.0;0.0;-0.1;0
0000000480;11.25;27.75;-54.25;0.1;0.0;-0.1;0
0000000481;11.15;27.80;-54.35;-0.1;0.0;-0.1;0
0000000482;11.10;27.75;-54.30;-0.0;-0.0;0.0;0
0000000483;11.10;27.85;-54.20;0.0;0.1;0.1;0
0000000484;11.00;27.80;-54.25;-0.1;-0.1;-0.0;0
0000000485;10.95;27.90;-54.15;-0.1;0.1;0.1;0
0000000486;11.05;28.00;-54.25;0.1;0.1;-0.1;0
0000000487;11.05;28.00;-54.25;0.0;0.0;0.0;0
0000000488;11.15;28.10;-54.20;0.1;0.1;0.0;0
0000000489;11.05;28.00;-54.30;-0.1;-0.1;-0.1;0
0000000490;11.10;28.10;-54.25;0.1;0.1;0.0;0
0000000491;11.10;28.00;-54.20;0.0;-0.1;0.0;0
0000000492;11.15;28.05;-54.30;0.0;0.0;-0.1;0
0000000493;11.05;27.95;-54.35;-0.1;-0.1;-0.0;0
0000000494;11.05;28.00;-54.30;0.0;0.0;0.0;0
0000000495;10.95;27.90;-54.20;-0.1;-0.1;0.1;0
0000000496;10.90;27.80;-54.30;-0.1;-0.1;-0.1;0
0000000497;10.90;27.80;-54.25;0.0;0.0;0.0;0
0000000498;10.85;27.75;-54.15;-0.0;-0.0;0.1;0
0000000499;10.80;27.65;-54.10;-0.1;-0.1;0.1;0
0000000500;10.75;27.55;-54.05;-0.1;-0.1;0.0;0
0000000501;10.70;27.65;-54.00;-0.1;0.1;0.0;0
0000000502;10.70;27.65;-54.05;0.0;0.0;-0.0;0
0000000503;10.80;27.70;-54.10;0.1;0.1;-0.0;0
0000000504;10.75;27.80;-54.15;-0.1;0.1;-0.1;0
0000000505;10.75;27.90;-54.25;0.0;0.1;-0.1;0
0000000506;10.65;28.00;-54.15;-0.1;0.1;0.1;0
0000000507;10.60;28.05;-54.25;-0.0;0.0;-0.1;0
0000000508;10.55;28.00;-54.35;-0.1;-0.0;-0.1;0
0000000509;10.50;28.05;-54.40;-0.1;0.0;-0.1;0
0000000510;10.60;28.00;-54.35;0.1;-0.0;0.1;0
0000000511;10.50;28.00;-54.40;-0.1;0.0;-0.1;0
0000000512;10.55;28.05;-54.40;0.1;0.0;0.0;0
0000000513;10.60;27.95;-54.40;0.1;-0.1;0.0;0
0000000514;10.70;27.85;-54.30;0.1;-0.1;0.1;0
0000000515;10.60;27.75;-54.30;-0.1;-0.1;0.0;0
0000000516;10.60;27.85;-54.35;0.0;0.1;-0.0;0
0000000517;10.65;27.75;-54.40;0.0;-0.1;-0.1;0
0000000518;10.60;27.65;-54.40;-0.0;-0.1;0.0;0
0000000519;10.70;27.75;-54.50;0.1;0.1;-0.1;0
0000000520;10.60;27.70;-54.40;-0.1;-0.0;0.1;0
0000000521;10.60;27.75;-54.50;0.0;0.0;-0.1;0
0000000522;10.60;27.85;-54.60;0.0;0.1;-0.1;0
0000000523;10.60;27.90;-54.70;0.0;0.0;-0.1;0
0000000524;10.70;27.80;-54.75;0.1;-0.1;-0.0;0
0000000525;10.70;27.80;-54.65;0.0;0.0;0.1;0
0000000526;10.60;27.75;-54.55;-0.1;-0.0;0.1;0
0000000527;10.70;27.85;-54.60;0.1;0.1;-0.0;0
0000000528;10.60;27.75;-54.65;-0.1;-0.1;-0.1;0
0000000529;10.70;27.85;-54.60;0.1;0.1;0.1;0
0000000530;10.65;27.95;-54.55;-0.1;0.1;0.0;0
0000000531;10.70;27.90;-54.45;0.1;-0.1;0.1;0
0000000532;10.75;27.85;-54.50;0.1;-0.0;-0.0;0
0000000533;10.65;27.85;-54.40;-0.1;0.0;0.1;0
0000000534;10.55;27.90;-54.50;-0.1;0.0;-0.1;0
0000000535;10.65;27.80;-54.40;0.1;-0.1;0.1;0
0000000536;10.65;27.75;-54.35;0.0;-0.0;0.1;0
0000000537;10.75;27.85;-54.45;0.1;0.1;-0.1;0
0000000538;10.70;27.95;-54.35;-0.1;0.1;0.1;0
0000000539;10.75;27.90;-54.45;0.1;-0.1;-0.1;0
0000000540;10.70;27.90;-54.40;-0.1;0.0;0.0;0
0000000541;10.70;27.85;-54.45;0.0;-0.0;-0.0;0
0000000542;10.75;27.75;-54.50;0.1;-0.1;-0.0;0
0000000543;10.80;27.75;-54.55;0.1;0.0;-0.0;0
0000000544;10.70;27.75;-54.50;-0.1;0.0;0.0;0
0000000545;10.60;27.75;-54.60;-0.1;0.0;-0.1;0
0000000546;10.55;27.65;-54.55;-0.1;-0.1;0.0;0
0000000547;10.65;27.60;-54.60;0.1;-0.0;-0.0;0
0000000548;10.75;27.55;-54.65;0.1;-0.1;-0.1;0
0000000549;10.70;27.55;-54.65;-0.1;0.0;0.0;0
0000000550;10.80;27.45;-54.75;0.1;-0.1;-0.1;0
0000000551;10.85;27.40;-54.80;0.1;-0.1;-0.0;0
0000000552;10.90;27.45;-54.85;0.0;0.1;-0.0;0
0000000553;10.80;27.55;-54.85;-0.1;0.1;0.0;0
0000000554;10.75;27.60;-54.85;-0.1;0.1;0.0;0
0000000555;10.65;27.70;-54.80;-0.1;0.1;0.0;0
0000000556;10.60;27.60;-54.80;-0.0;-0.1;0.0;0
0000000557;10.60;27.55;-54.75;0.0;-0.1;0.0;0
0000000558;10.60;27.55;-54.70;0.0;0.0;0.0;0
0000000559;10.70;27.50;-54.60;0.1;-0.0;0.1;0
0000000560;10.80;27.45;-54.50;0.1;-0.0;0.1;0
0000000561;10.70;27.55;-54.50;-0.1;0.1;0.0;0
0000000562;10.80;27.45;-54.50;0.1;-0.1;0.0;0
0000000563;10.90;27.35;-54.50;0.1;-0.1;0.0;0
0000000564;10.80;27.35;-54.60;-0.1;0.0;-0.1;0
0000000565;10.90;27.40;-54.65;0.1;0.0;-0.1;0
0000000566;10.95;27.40;-54.65;0.1;0.0;0.0;0
0000000567;10.90;27.45;-54.60;-0.1;0.1;0.1;0
0000000568;10.95;27.45;-54.50;0.1;0.0;0.1;0
0000000569;10.90;27.40;-54.55;-0.1;-0.1;-0.0;0
0000000570;10.85;27.45;-54.50;-0.0;0.1;0.0;0
0000000571;10.95;27.55;-54.50;0.1;0.1;0.0;0
0000000572;11.00;27.55;-54.45;0.1;0.0;0.0;0
0000000573;10.90;27.60;-54.40;-0.1;0.1;0.0;0
0000000574;10.95;27.60;-54.50;0.1;0.0;-0.1;0
0000000575;11.05;27.70;-54.60;0.1;0.1;-0.1;0
0000000576;11.00;27.80;-54.55;-0.1;0.1;0.0;0
0000000577;10.95;27.75;-54.55;-0.1;-0.0;0.0;0
0000000578;11.00;27.70;-54.65;0.1;-0.0;-0.1;0
0000000579;11.00;27.70;-54.75;0.0;0.0;-0.1;0
0000000580;11.00;27.80;-54.80;0.0;0.1;-0.0;0
0000000581;11.00;27.80;-54.90;0.0;0.0;-0.1;0
0000000582;10.95;27.80;-54.85;-0.1;0.0;0.1;0
0000000583;11.05;27.75;-54.90;0.1;-0.0;-0.1;0
0000000584;11.15;27.85;-55.00;0.1;0.1;-0.1;0
0000000585;11.10;27.90;-54.95;-0.0;0.0;0.0;0
0000000586;11.15;27.80;-54.85;0.0;-0.1;0.1;0
0000000587;11.20;27.70;-54.85;0.1;-0.1;0.0;0
0000000588;11.25;27.70;-54.85;0.1;0.0;0.0;0
0000000589;11.20;27.65;-54.95;-0.1;-0.1;-0.1;0
0000000590;11.25;27.60;-55.05;0.1;-0.0;-0.1;0
0000000591;11.20;27.65;-55.10;-0.1;0.0;-0.0;0
0000000592;11.15;27.70;-55.15;-0.1;0.1;-0.1;0
0000000593;11.05;27.75;-55.25;-0.1;0.0;-0.1;0
0000000594;11.15;27.65;-55.15;0.1;-0.1;0.1;0
0000000595;11.25;27.75;-55.05;0.1;0.1;0.1;0
0000000596;11.15;27.85;-55.10;-0.1;0.1;-0.0;0
0000000597;11.25;27.80;-55.10;0.1;-0.1;0.0;0
0000000598;11.30;27.90;-55.15;0.1;0.1;-0.1;0
0000000599;11.20;27.85;-55.10;-0.1;-0.0;0.1;0
0000000600;11.30;27.95;-55.00;0.1;0.1;0.1;0
0000000601;11.35;28.05;-55.10;0.1;0.1;-0.1;0
0000000602;11.35;28.05;-55.05;0.0;0.0;0.0;0
0000000603;11.25;28.05;-55.05;-0.1;0.0;0.0;0
0000000604;11.25;28.10;-55.00;0.0;0.1;0.0;0
0000000605;11.25;28.20;-55.00;0.0;0.1;0.0;0
0000000606;11.25;28.10;-55.05;0.0;-0.1;-0.0;0
0000000607;11.30;28.20;-55.00;0.1;0.1;0.0;0
0000000608;11.30;28.30;-55.05;0.0;0.1;-0.0;0
0000000609;11.40;28.40;-54.95;0.1;0.1;0.1;0
0000000610;11.45;28.45;-55.05;0.1;0.1;-0.1;0
0000000611;11.45;28.45;-55.05;0.0;0.0;0.0;0
0000000612;11.40;28.55;-55.05;-0.1;0.1;0.0;0
0000000613;11.30;28.60;-54.95;-0.1;0.1;0.1;0
0000000614;11.20;28.60;-55.05;-0.1;0.0;-0.1;0
0000000615;11.15;28.60;-55.05;-0.1;0.0;0.0;0
0000000616;11.10;28.70;-55.05;-0.0;0.1;0.0;0
0000000617;11.00;28.60;-55.15;-0.1;-0.1;-0.1;0
0000000618;11.10;28.70;-55.05;0.1;0.1;0.1;0
0000000619;11.10;28.70;-55.15;0.0;0.0;-0.1;0
0000000620;11.05;28.75;-55.20;-0.1;0.0;-0.0;0
0000000621;11.15;28.70;-55.20;0.1;-0.0;0.0;1
0000000622;11.05;28.70;-55.10;-0.1;0.0;0.1;1
0000000623;11.10;28.80;-55.10;0.1;0.1;0.0;1
0000000624;11.10;28.85;-55.05;0.0;0.1;0.0;1
0000000625;11.20;28.95;-55.10;0.1;0.1;-0.0;1
0000000626;11.20;28.95;-55.20;0.0;0.0;-0.1;1
0000000627;11.15;29.05;-55.10;-0.1;0.1;0.1;1
0000000628;11.20;29.10;-55.10;0.1;0.1;0.0;1
0000000629;11.25;29.00;-55.00;0.1;-0.1;0.1;1
0000000630;11.20;28.95;-55.05;-0.1;-0.0;-0.0;1
0000000631;11.15;28.85;-55.05;-0.1;-0.1;0.0;1
0000000632;11.15;28.85;-54.95;0.0;0.0;0.1;1
0000000633;11.05;28.90;-55.05;-0.1;0.0;-0.1;1
0000000634;11.05;28.90;-54.95;0.0;0.0;0.1;1
0000000635;11.10;28.90;-54.90;0.1;0.0;0.0;1
0000000636;11.20;29.00;-54.90;0.1;0.1;0.0;1
0000000637;11.25;28.90;-54.95;0.1;-0.1;-0.0;1
0000000638;11.35;28.90;-54.95;0.1;0.0;0.0;1
0000000639;11.30;29.00;-55.05;-0.1;0.1;-0.1;1
0000000640;11.20;29.05;-55.00;-0.1;0.0;0.0;1
0000000641;11.30;29.10;-54.90;0.1;0.1;0.1;1
0000000642;11.40;29.00;-54.85;0.1;-0.1;0.1;1
0000000643;11.35;28.90;-54.90;-0.0;-0.1;-0.1;1
0000000644;11.35;28.85;-54.85;0.0;-0.0;0.1;1
0000000645;11.40;28.85;-54.80;0.0;0.0;0.0;1
0000000646;11.40;28.80;-54.75;0.0;-0.1;0.0;1
0000000647;11.35;28.85;-54.75;-0.0;0.1;0.0;1
0000000648;11.25;28.85;-54.75;-0.1;0.0;0.0;1
0000000649;11.35;28.75;-54.75;0.1;-0.1;0.0;1
0000000650;11.35;28.65;-54.75;0.0;-0.1;0.0;1
0000000651;11.35;28.70;-54.65;0.0;0.1;0.1;1
0000000652;11.40;28.70;-54.55;0.0;0.0;0.1;1
0000000653;11.45;28.75;-54.65;0.1;0.0;-0.1;1
0000000654;11.55;28.70;-54.70;0.1;-0.0;-0.0;1
0000000655;11.65;28.60;-54.70;0.1;-0.1;0.0;1
0000000656;11.65;28.55;-54.80;0.0;-0.1;-0.1;1
0000000657;11.55;28.50;-54.70;-0.1;-0.0;0.1;1
0000000658;11.65;28.60;-54.65;0.1;0.1;0.0;1
0000000659;11.75;28.70;-54.60;0.1;0.1;0.1;1
0000000660;11.65;28.70;-54.60;-0.1;0.0;0.0;1
0000000661;11.70;28.80;-54.70;0.1;0.1;-0.1;1
0000000662;11.80;28.80;-54.80;0.1;0.0;-0.1;1
0000000663;11.90;28.90;-54.70;0.1;0.1;0.1;1
0000000664;11.85;28.95;-54.65;-0.0;0.1;0.0;1
0000000665;11.75;29.05;-54.60;-0.1;0.1;0.1;1
0000000666;11.85;29.15;-54.60;0.1;0.1;0.0;1
0000000667;11.75;29.25;-54.60;-0.1;0.1;0.0;1
0000000668;11.65;29.25;-54.65;-0.1;0.0;-0.1;1
0000000669;11.60;29.15;-54.75;-0.0;-0.1;-0.1;1
0000000670;11.65;29.25;-54.85;0.0;0.1;-0.1;1
0000000671;11.55;29.35;-54.75;-0.1;0.1;0.1;1
0000000672;11.55;29.45;-54.75;0.0;0.1;0.0;1
0000000673;11.45;29.45;-54.65;-0.1;0.0;0.1;1
0000000674;11.45;29.40;-54.60;0.0;-0.1;0.1;1
0000000675;11.55;29.35;-54.60;0.1;-0.0;0.0;1
0000000676;11.65;29.35;-54.65;0.1;0.0;-0.1;1
0000000677;11.65;29.45;-54.75;0.0;0.1;-0.1;1
0000000678;11.55;29.40;-54.85;-0.1;-0.1;-0.1;1
0000000679;11.50;29.35;-54.75;-0.1;-0.0;0.1;1
0000000680;11.60;29.45;-54.70;0.1;0.1;0.0;1
0000000681;11.60;29.55;-54.65;0.0;0.1;0.0;1
0000000682;11.65;29.60;-54.60;0.0;0.1;0.1;1
0000000683;11.70;29.65;-54.60;0.1;0.0;0.0;1
0000000684;11.75;29.60;-54.65;0.1;-0.0;-0.1;1
0000000685;11.70;29.55;-54.75;-0.1;-0.1;-0.1;1
0000000686;11.75;29.50;-54.75;0.1;-0.0;0.0;1
0000000687;11.75;29.45;-54.75;0.0;-0.0;0.0;1
0000000688;11.65;29.40;-54.85;-0.1;-0.1;-0.1;1
0000000689;11.55;29.30;-54.90;-0.1;-0.1;-0.1;1
0000000690;11.50;29.30;-54.80;-0.1;0.0;0.1;1
0000000691;11.55;29.25;-54.90;0.1;-0.0;-0.1;1
0000000692;11.50;29.35;-55.00;-0.1;0.1;-0.1;1
0000000693;11.40;29.25;-55.00;-0.1;-0.1;0.0;1
0000000694;11.35;29.15;-55.00;-0.0;-0.1;0.0;1
0000000695;11.45;29.20;-55.05;0.1;0.1;-0.0;1
0000000696;11.50;29.30;-55.10;0.1;0.1;-0.0;1
0000000697;11.50;29.35;-55.20;0.0;0.1;-0.1;1
0000000698;11.45;29.30;-55.15;-0.1;-0.1;0.0;1
0000000699;11.35;29.35;-55.10;-0.1;0.1;0.1;1
0000000700;11.25;29.30;-55.15;-0.1;-0.1;-0.1;1
0000000701;11.25;29.40;-55.25;0.0;0.1;-0.1;1
0000000702;11.25;29.40;-55.35;0.0;0.0;-0.1;1
0000000703;11.35;29.30;-55.45;0.1;-0.1;-0.1;1
0000000704;11.30;29.25;-55.45;-0.1;-0.0;0.0;1
0000000705;11.20;29.35;-55.40;-0.1;0.1;0.0;1
0000000706;11.25;29.25;-55.50;0.1;-0.1;-0.1;1
0000000707;11.35;29.20;-55.50;0.1;-0.0;0.0;1
0000000708;11.40;29.25;-55.40;0.0;0.0;0.1;1
0000000709;11.35;29.25;-55.35;-0.0;0.0;0.1;1
0000000710;11.30;29.25;-55.40;-0.1;0.0;-0.1;1
0000000711;11.20;29.30;-55.40;-0.1;0.0;0.0;1
0000000712;11.15;29.35;-55.40;-0.1;0.1;0.0;1
0000000713;11.25;29.35;-55.30;0.1;0.0;0.1;1
0000000714;11.30;29.45;-55.30;0.1;0.1;0.0;1
0000000715;11.25;29.35;-55.35;-0.1;-0.1;-0.0;1
0000000716;11.25;29.30;-55.35;0.0;-0.1;0.0;1
0000000717;11.20;29.25;-55.25;-0.1;-0.0;0.1;1
0000000718;11.30;29.25;-55.35;0.1;0.0;-0.1;1
0000000719;11.35;29.15;-55.45;0.1;-0.1;-0.1;1
0000000720;11.25;29.20;-55.45;-0.1;0.1;0.0;1
0000000721;11.25;29.10;-55.55;0.0;-0.1;-0.1;1
0000000722;11.25;29.20;-55.65;0.0;0.1;-0.1;1
0000000723;11.20;29.30;-55.60;-0.1;0.1;0.1;1
0000000724;11.20;29.20;-55.65;0.0;-0.1;-0.1;1
0000000725;11.20;29.20;-55.55;0.0;0.0;0.1;1
0000000726;11.20;29.30;-55.60;0.0;0.1;-0.0;1
0000000727;11.25;29.25;-55.70;0.1;-0.0;-0.1;1
0000000728;11.15;29.15;-55.60;-0.1;-0.1;0.1;1
0000000729;11.10;29.20;-55.55;-0.0;0.1;0.0;1
0000000730;11.00;29.10;-55.45;-0.1;-0.1;0.1;1
0000000731;11.00;29.20;-55.50;0.0;0.1;-0.0;1
0000000732;10.90;29.25;-55.40;-0.1;0.0;0.1;1
0000000733;10.85;29.20;-55.30;-0.0;-0.0;0.1;1
0000000734;10.90;29.20;-55.40;0.0;0.0;-0.1;1
0000000735;10.95;29.10;-55.35;0.1;-0.1;0.1;1
0000000736;10.90;29.10;-55.35;-0.1;0.0;0.0;1
0000000737;11.00;29.15;-55.25;0.1;0.0;0.1;1
0000000738;11.00;29.10;-55.30;0.0;-0.0;-0.0;1
0000000739;11.05;29.05;-55.40;0.1;-0.1;-0.1;1
0000000740;10.95;29.05;-55.50;-0.1;0.0;-0.1;1
0000000741;11.00;29.00;-55.40;0.1;-0.0;0.1;1
0000000742;11.05;29.00;-55.50;0.1;0.0;-0.1;1
0000000743;10.95;29.05;-55.55;-0.1;0.0;-0.0;1
0000000744;11.00;28.95;-55.50;0.1;-0.1;0.0;1
0000000745;11.05;28.90;-55.60;0.1;-0.1;-0.1;1
0000000746;11.05;28.95;-55.70;0.0;0.1;-0.1;1
0000000747;11.15;28.90;-55.75;0.1;-0.1;-0.0;1
0000000748;11.25;28.80;-55.75;0.1;-0.1;0.0;1
0000000749;11.25;28.75;-55.85;0.0;-0.0;-0.1;1
0000000750;11.25;28.70;-55.95;0.0;-0.0;-0.1;1
0000000751;11.35;28.70;-56.05;0.1;0.0;-0.1;1
0000000752;11.30;28.60;-56.10;-0.1;-0.1;-0.0;1
0000000753;11.40;28.65;-56.20;0.1;0.0;-0.1;1
0000000754;11.35;28.70;-56.15;-0.0;0.1;0.0;1
0000000755;11.45;28.80;-56.10;0.1;0.1;0.1;1
0000000756;11.55;28.90;-56.00;0.1;0.1;0.1;1
0000000757;11.50;28.85;-55.95;-0.1;-0.0;0.0;1
0000000758;11.45;28.95;-56.00;-0.1;0.1;-0.0;1
0000000759;11.55;28.85;-56.10;0.1;-0.1;-0.1;1
0000000760;11.60;28.85;-56.15;0.1;0.0;-0.1;1
0000000761;11.60;28.75;-56.15;0.0;-0.1;0.0;1
0000000762;11.55;28.65;-56.25;-0.1;-0.1;-0.1;1
0000000763;11.65;28.65;-56.35;0.1;0.0;-0.1;1
0000000764;11.55;28.75;-56.35;-0.1;0.1;0.0;0
0000000765;11.55;28.85;-56.35;0.0;0.1;0.0;0
0000000766;11.60;28.75;-56.35;0.1;-0.1;0.0;0
0000000767;11.65;28.85;-56.45;0.0;0.1;-0.1;0
0000000768;11.65;28.85;-56.45;0.0;0.0;0.0;0
0000000769;11.60;28.90;-56.40;-0.0;0.0;0.0;0
0000000770;11.55;28.95;-56.30;-0.1;0.1;0.1;0
0000000771;11.45;28.85;-56.40;-0.1;-0.1;-0.1;0
0000000772;11.50;28.75;-56.45;0.1;-0.1;-0.0;0
0000000773;11.45;28.70;-56.55;-0.1;-0.0;-0.1;0
0000000774;11.35;28.60;-56.55;-0.1;-0.1;0.0;0
0000000775;11.30;28.65;-56.50;-0.1;0.0;0.0;0
0000000776;11.40;28.70;-56.60;0.1;0.1;-0.1;0
0000000777;11.35;28.65;-56.50;-0.0;-0.1;0.1;0
0000000778;11.45;28.55;-56.55;0.1;-0.1;-0.0;0
0000000779;11.55;28.65;-56.50;0.1;0.1;0.0;0
0000000780;11.65;28.55;-56.60;0.1;-0.1;-0.1;0
0000000781;11.65;28.45;-56.60;0.0;-0.1;0.0;0
0000000782;11.65;28.35;-56.55;0.0;-0.1;0.0;0
0000000783;11.70;28.25;-56.65;0.1;-0.1;-0.1;0
0000000784;11.60;28.30;-56.65;-0.1;0.0;0.0;0
0000000785;11.65;28.40;-56.55;0.0;0.1;0.1;0
0000000786;11.55;28.50;-56.65;-0.1;0.1;-0.1;0
0000000787;11.55;28.50;-56.60;0.0;0.0;0.1;0
0000000788;11.65;28.50;-56.55;0.1;0.0;0.0;0
0000000789;11.70;28.50;-56.45;0.1;0.0;0.1;0
0000000790;11.60;28.50;-56.55;-0.1;0.0;-0.1;0
0000000791;11.65;28.40;-56.60;0.0;-0.1;-0.0;0
0000000792;11.60;28.40;-56.55;-0.0;0.0;0.0;0
0000000793;11.50;28.40;-56.55;-0.1;0.0;0.0;0
0000000794;11.55;28.30;-56.55;0.1;-0.1;0.0;0
0000000795;11.45;28.25;-56.50;-0.1;-0.0;0.0;0
0000000796;11.35;28.15;-56.45;-0.1;-0.1;0.0;0
0000000797;11.45;28.25;-56.55;0.1;0.1;-0.1;0
0000000798;11.35;28.35;-56.60;-0.1;0.1;-0.0;0
0000000799;11.25;28.45;-56.55;-0.1;0.1;0.0;0
0000000800;11.20;28.35;-56.50;-0.1;-0.1;0.0;0
0000000801;11.10;28.40;-56.60;-0.1;0.0;-0.1;0
0000000802;11.15;28.35;-56.60;0.0;-0.0;0.0;0
0000000803;11.20;28.25;-56.65;0.1;-0.1;-0.1;0
0000000804;11.15;28.30;-56.75;-0.1;0.0;-0.1;0
0000000805;11.25;28.25;-56.65;0.1;-0.0;0.1;0
0000000806;11.35;28.30;-56.65;0.1;0.0;0.0;0
0000000807;11.45;28.25;-56.70;0.1;-0.0;-0.0;0
0000000808;11.40;28.25;-56.70;-0.1;0.0;0.0;0
0000000809;11.35;28.25;-56.70;-0.0;0.0;0.0;0
0000000810;11.30;28.35;-56.75;-0.1;0.1;-0.0;0
0000000811;11.30;28.25;-56.65;0.0;-0.1;0.1;0
0000000812;11.20;28.35;-56.55;-0.1;0.1;0.1;0
0000000813;11.20;28.30;-56.60;0.0;-0.1;-0.0;0
0000000814;11.15;28.40;-56.50;-0.1;0.1;0.1;0
0000000815;11.10;28.35;-56.40;-0.0;-0.0;0.1;0
0000000816;11.10;28.45;-56.30;0.0;0.1;0.1;0
0000000817;11.20;28.55;-56.40;0.1;0.1;-0.1;0
0000000818;11.10;28.60;-56.50;-0.1;0.1;-0.1;0
0000000819;11.00;28.50;-56.50;-0.1;-0.1;0.0;0
0000000820;11.00;28.60;-56.50;0.0;0.1;0.0;0
0000000821;10.95;28.50;-56.60;-0.1;-0.1;-0.1;0
0000000822;10.95;28.55;-56.60;0.0;0.0;0.0;0
0000000823;11.00;28.65;-56.70;0.1;0.1;-0.1;0
0000000824;10.90;28.65;-56.75;-0.1;0.0;-0.0;0
0000000825;11.00;28.70;-56.65;0.1;0.1;0.1;0
0000000826;11.10;28.60;-56.60;0.1;-0.1;0.1;0
0000000827;11.05;28.60;-56.60;-0.1;0.0;0.0;0
0000000828;11.00;28.70;-56.65;-0.1;0.1;-0.1;0
0000000829;10.90;28.70;-56.65;-0.1;0.0;0.0;0
0000000830;10.80;28.60;-56.55;-0.1;-0.1;0.1;0
0000000831;10.70;28.60;-56.45;-0.1;0.0;0.1;0
0000000832;10.60;28.60;-56.40;-0.1;0.0;0.0;0
0000000833;10.70;28.65;-56.40;0.1;0.0;0.0;0
0000000834;10.65;28.65;-56.35;-0.1;0.0;0.1;0
0000000835;10.55;28.65;-56.25;-0.1;0.0;0.1;0
0000000836;10.45;28.55;-56.35;-0.1;-0.1;-0.1;0
0000000837;10.50;28.50;-56.30;0.1;-0.0;0.0;0
0000000838;10.60;28.55;-56.40;0.1;0.0;-0.1;0
0000000839;10.65;28.45;-56.35;0.0;-0.1;0.1;0
0000000840;10.75;28.55;-56.35;0.1;0.1;0.0;0
0000000841;10.75;28.60;-56.40;0.0;0.1;-0.1;0
0000000842;10.70;28.55;-56.35;-0.1;-0.1;0.1;0
0000000843;10.80;28.45;-56.45;0.1;-0.1;-0.1;0
0000000844;10.90;28.40;-56.35;0.1;-0.1;0.1;0
0000000845;10.80;28.40;-56.40;-0.1;0.0;-0.1;0
0000000846;10.85;28.50;-56.45;0.1;0.1;-0.0;0
0000000847;10.85;28.50;-56.50;0.0;0.0;-0.0;0
0000000848;10.75;28.55;-56.40;-0.1;0.0;0.1;0
0000000849;10.80;28.55;-56.30;0.1;0.0;0.1;0
0000000850;10.80;28.65;-56.30;0.0;0.1;0.0;0
0000000851;10.80;28.75;-56.35;0.0;0.1;-0.0;0
0000000852;10.70;28.80;-56.40;-0.1;0.0;-0.1;0
0000000853;10.60;28.85;-56.45;-0.1;0.1;-0.0;0
0000000854;10.70;28.80;-56.50;0.1;-0.1;-0.0;0
0000000855;10.65;28.75;-56.45;-0.1;-0.0;0.0;0
0000000856;10.75;28.80;-56.35;0.1;0.0;0.1;0
0000000857;10.75;28.90;-56.45;0.0;0.1;-0.1;0
0000000858;10.75;28.85;-56.55;0.0;-0.0;-0.1;0
0000000859;10.75;28.85;-56.45;0.0;0.0;0.1;0
0000000860;10.85;28.80;-56.55;0.1;-0.1;-0.1;0
0000000861;10.85;28.80;-56.65;0.0;0.0;-0.1;0
0000000862;10.95;28.75;-56.70;0.1;-0.0;-0.0;0
0000000863;11.00;28.75;-56.60;0.1;0.0;0.1;0
0000000864;11.05;28.75;-56.65;0.1;0.0;-0.1;0
0000000865;11.15;28.65;-56.75;0.1;-0.1;-0.1;0
0000000866;11.10;28.75;-56.85;-0.0;0.1;-0.1;0
0000000867;11.15;28.65;-56.95;0.0;-0.1;-0.1;0
0000000868;11.15;28.60;-57.00;0.0;-0.0;-0.0;0
0000000869;11.10;28.70;-57.10;-0.0;0.1;-0.1;0
0000000870;11.00;28.60;-57.20;-0.1;-0.1;-0.1;0
0000000871;11.05;28.60;-57.30;0.1;0.0;-0.1;0
0000000872;11.15;28.70;-57.35;0.1;0.1;-0.0;0
0000000873;11.10;28.65;-57.30;-0.0;-0.1;0.0;0
0000000874;11.05;28.70;-57.20;-0.1;0.1;0.1;0
0000000875;11.10;28.70;-57.30;0.1;0.0;-0.1;0
0000000876;11.05;28.65;-57.40;-0.1;-0.1;-0.1;0
0000000877;11.15;28.65;-57.45;0.1;0.0;-0.0;0
0000000878;11.20;28.55;-57.50;0.1;-0.1;-0.0;0
0000000879;11.20;28.45;-57.55;0.0;-0.1;-0.0;0
0000000880;11.30;28.45;-57.55;0.1;0.0;0.0;0
0000000881;11.25;28.40;-57.45;-0.1;-0.1;0.1;0
0000000882;11.20;28.30;-57.35;-0.1;-0.1;0.1;0
0000000883;11.30;28.20;-57.35;0.1;-0.1;0.0;0
0000000884;11.25;28.20;-57.40;-0.1;0.0;-0.1;0
0000000885;11.15;28.10;-57.45;-0.1;-0.1;-0.0;0
0000000886;11.05;28.20;-57.35;-0.1;0.1;0.1;0
0000000887;11.00;28.15;-57.45;-0.1;-0.1;-0.1;0
0000000888;10.95;28.20;-57.50;-0.1;0.1;-0.0;0
0000000889;11.00;28.15;-57.50;0.1;-0.1;0.0;0
0000000890;10.95;28.05;-57.40;-0.1;-0.1;0.1;0
0000000891;11.00;28.00;-57.45;0.1;-0.0;-0.0;0
0000000892;11.00;27.95;-57.50;0.0;-0.0;-0.0;0
0000000893;11.10;28.05;-57.50;0.1;0.1;0.0;0
0000000894;11.20;28.10;-57.40;0.1;0.1;0.1;0
0000000895;11.30;28.05;-57.30;0.1;-0.1;0.1;0
0000000896;11.25;28.15;-57.40;-0.1;0.1;-0.1;0
0000000897;11.20;28.15;-57.45;-0.1;0.0;-0.0;0
0000000898;11.20;28.25;-57.35;0.0;0.1;0.1;0
0000000899;11.20;28.35;-57.25;0.0;0.1;0.1;0
0000000900;11.20;28.45;-57.35;0.0;0.1;-0.1;0
0000000901;11.30;28.40;-57.35;0.1;-0.1;0.0;0
0000000902;11.35;28.45;-57.45;0.1;0.1;-0.1;0
0000000903;11.30;28.45;-57.45;-0.1;0.0;0.0;0
0000000904;11.25;28.50;-57.35;-0.1;0.0;0.1;0
0000000905;11.15;28.55;-57.35;-0.1;0.0;0.0;0
0000000906;11.10;28.45;-57.25;-0.0;-0.1;0.1;0
0000000907;11.05;28.35;-57.30;-0.1;-0.1;-0.0;0
0000000908;11.10;28.25;-57.30;0.1;-0.1;0.0;0
0000000909;11.05;28.30;-57.35;-0.1;0.0;-0.0;0
0000000910;11.15;28.30;-57.25;0.1;0.0;0.1;0
0000000911;11.25;28.30;-57.35;0.1;0.0;-0.1;0
0000000912;11.25;28.40;-57.35;0.0;0.1;0.0;0
0000000913;11.15;28.50;-57.40;-0.1;0.1;-0.1;0
0000000914;11.25;28.40;-57.35;0.1;-0.1;0.1;0
0000000915;11.20;28.45;-57.45;-0.1;0.1;-0.1;0
0000000916;11.20;28.40;-57.55;0.0;-0.1;-0.1;0
0000000917;11.20;28.45;-57.65;0.0;0.1;-0.1;0
0000000918;11.30;28.35;-57.55;0.1;-0.1;0.1;0
0000000919;11.40;28.45;-57.45;0.1;0.1;0.1;0
0000000920;11.35;28.35;-57.45;-0.0;-0.1;0.0;0
0000000921;11.30;28.25;-57.45;-0.1;-0.1;0.0;0
0000000922;11.40;28.30;-57.40;0.1;0.0;0.0;0
0000000923;11.30;28.25;-57.30;-0.1;-0.0;0.1;0
0000000924;11.20;28.25;-57.20;-0.1;0.0;0.1;0
0000000925;11.30;28.15;-57.30;0.1;-0.1;-0.1;0
0000000926;11.20;28.15;-57.35;-0.1;0.0;-0.0;0
0000000927;11.20;28.25;-57.45;0.0;0.1;-0.1;0
0000000928;11.20;28.20;-57.45;0.0;-0.0;0.0;0
0000000929;11.20;28.20;-57.35;0.0;0.0;0.1;0
0000000930;11.30;28.10;-57.30;0.1;-0.1;0.0;0
0000000931;11.30;28.05;-57.40;0.0;-0.1;-0.1;0
0000000932;11.40;28.15;-57.30;0.1;0.1;0.1;0
0000000933;11.40;28.20;-57.30;0.0;0.1;0.0;0
0000000934;11.35;28.20;-57.40;-0.0;0.0;-0.1;0
0000000935;11.35;28.25;-57.40;0.0;0.0;0.0;0
0000000936;11.25;28.30;-57.50;-0.1;0.0;-0.1;0
0000000937;11.30;28.25;-57.50;0.1;-0.0;0.0;0
0000000938;11.30;28.30;-57.40;0.0;0.0;0.1;0
0000000939;11.40;28.35;-57.40;0.1;0.1;0.0;0
0000000940;11.30;28.35;-57.35;-0.1;0.0;0.1;0
0000000941;11.25;28.35;-57.25;-0.1;0.0;0.1;0
0000000942;11.30;28.25;-57.25;0.1;-0.1;0.0;0
0000000943;11.40;28.35;-57.20;0.1;0.1;0.0;0
0000000944;11.40;28.30;-57.25;0.0;-0.1;-0.0;0
0000000945;11.50;28.35;-57.35;0.1;0.1;-0.1;0
0000000946;11.60;28.35;-57.25;0.1;0.0;0.1;0
0000000947;11.55;28.25;-57.20;-0.1;-0.1;0.0;0
0000000948;11.55;28.25;-57.15;0.0;0.0;0.0;0
0000000949;11.55;28.20;-57.25;0.0;-0.0;-0.1;0
0000000950;11.45;28.20;-57.30;-0.1;0.0;-0.0;0
0000000951;11.45;28.15;-57.30;0.0;-0.1;0.0;0
0000000952;11.40;28.15;-57.20;-0.1;0.0;0.1;0
0000000953;11.45;28.05;-57.30;0.1;-0.1;-0.1;0
0000000954;11.55;28.00;-57.35;0.1;-0.0;-0.0;0
0000000955;11.55;28.05;-57.35;0.0;0.0;0.0;0
0000000956;11.65;28.00;-57.30;0.1;-0.0;0.0;0
0000000957;11.70;27.90;-57.30;0.1;-0.1;0.0;0
0000000958;11.80;27.90;-57.40;0.1;0.0;-0.1;0
0000000959;11.80;27.85;-57.50;0.0;-0.0;-0.1;0
0000000960;11.85;27.85;-57.45;0.1;0.0;0.0;0
0000000961;11.85;27.95;-57.35;0.0;0.1;0.1;0
0000000962;11.80;27.85;-57.35;-0.1;-0.1;0.0;0
0000000963;11.75;27.80;-57.30;-0.1;-0.1;0.0;0
0000000964;11.75;27.70;-57.35;0.0;-0.1;-0.0;0
0000000965;11.70;27.70;-57.30;-0.1;0.0;0.0;0
0000000966;11.65;27.65;-57.25;-0.1;-0.1;0.0;0
0000000967;11.75;27.55;-57.35;0.1;-0.1;-0.1;0
0000000968;11.75;27.45;-57.25;0.0;-0.1;0.1;0
0000000969;11.65;27.35;-57.35;-0.1;-0.1;-0.1;0
0000000970;11.55;27.40;-57.25;-0.1;0.0;0.1;0
0000000971;11.45;27.35;-57.30;-0.1;-0.0;-0.0;0
0000000972;11.35;27.45;-57.30;-0.1;0.1;0.0;0
0000000973;11.30;27.50;-57.40;-0.1;0.0;-0.1;0
0000000974;11.25;27.40;-57.30;-0.1;-0.1;0.1;0
0000000975;11.20;27.35;-57.40;-0.1;-0.0;-0.1;0
0000000976;11.15;27.40;-57.45;-0.1;0.0;-0.0;0
0000000977;11.15;27.35;-57.40;0.0;-0.0;0.0;0
0000000978;11.05;27.40;-57.40;-0.1;0.0;0.0;0
0000000979;10.95;27.50;-57.35;-0.1;0.1;0.1;0
0000000980;11.00;27.50;-57.35;0.1;0.0;0.0;0
0000000981;11.05;27.60;-57.25;0.1;0.1;0.1;0
0000000982;10.95;27.50;-57.35;-0.1;-0.1;-0.1;0
0000000983;10.90;27.40;-57.40;-0.1;-0.1;-0.1;0
0000000984;10.95;27.45;-57.45;0.1;0.1;-0.0;0
0000000985;10.90;27.40;-57.50;-0.1;-0.1;-0.0;0
0000000986;10.95;27.40;-57.60;0.1;0.0;-0.1;0
0000000987;11.00;27.50;-57.55;0.1;0.1;0.0;0
0000000988;10.95;27.45;-57.50;-0.1;-0.0;0.0;0
0000000989;11.00;27.45;-57.45;0.1;0.0;0.0;0
0000000990;10.95;27.45;-57.35;-0.1;0.0;0.1;0
0000000991;10.90;27.45;-57.45;-0.1;0.0;-0.1;0
0000000992;10.85;27.45;-57.50;-0.0;0.0;-0.0;0
0000000993;10.80;27.45;-57.45;-0.1;0.0;0.0;0
0000000994;10.75;27.55;-57.45;-0.1;0.1;0.0;0
0000000995;10.80;27.55;-57.45;0.1;0.0;0.0;0
0000000996;10.70;27.55;-57.55;-0.1;0.0;-0.1;0
0000000997;10.60;27.60;-57.65;-0.1;0.1;-0.1;0
0000000998;10.50;27.55;-57.55;-0.1;-0.1;0.1;0
0000000999;10.45;27.55;-57.55;-0.1;0.0;0.0;0
0000001000;10.50;27.55;-57.60;0.1;0.0;-0.0;0
0000001001;10.60;27.45;-57.50;0.1;-0.1;0.1;0
0000001002;10.65;27.55;-57.40;0.0;0.1;0.1;0
0000001003;10.55;27.60;-57.45;-0.1;0.1;-0.0;0
0000001004;10.55;27.55;-57.55;0.0;-0.1;-0.1;0
0000001005;10.45;27.50;-57.65;-0.1;-0.0;-0.1;0
0000001006;10.45;27.50;-57.55;0.0;0.0;0.1;0
0000001007;10.40;27.45;-57.60;-0.1;-0.0;-0.0;0
0000001008;10.45;27.55;-57.65;0.1;0.1;-0.1;0
0000001009;10.50;27.65;-57.55;0.1;0.1;0.1;0
0000001010;10.60;27.55;-57.55;0.1;-0.1;0.0;0
0000001011;10.50;27.60;-57.60;-0.1;0.1;-0.0;0
0000001012;10.40;27.70;-57.65;-0.1;0.1;-0.1;0
0000001013;10.35;27.70;-57.70;-0.0;0.0;-0.0;0
0000001014;10.45;27.70;-57.65;0.1;0.0;0.0;0
0000001015;10.55;27.80;-57.55;0.1;0.1;0.1;0
0000001016;10.65;27.90;-57.45;0.1;0.1;0.1;0
0000001017;10.70;28.00;-57.35;0.1;0.1;0.1;0
0000001018;10.65;27.95;-57.35;-0.1;-0.0;0.0;0
0000001019;10.75;28.05;-57.40;0.1;0.1;-0.1;0
0000001020;10.65;27.95;-57.50;-0.1;-0.1;-0.1;0
0000001021;10.60;28.05;-57.45;-0.0;0.1;0.0;0
0000001022;10.55;28.15;-57.55;-0.1;0.1;-0.1;0
0000001023;10.50;28.20;-57.60;-0.1;0.1;-0.0;0
0000001024;10.45;28.25;-57.70;-0.1;0.0;-0.1;0
0000001025;10.35;28.35;-57.65;-0.1;0.1;0.0;0
0000001026;10.40;28.30;-57.55;0.0;-0.1;0.1;0
0000001027;10.30;28.35;-57.45;-0.1;0.1;0.1;0
0000001028;10.35;28.25;-57.45;0.1;-0.1;0.0;0
0000001029;10.40;28.35;-57.55;0.0;0.1;-0.1;0
0000001030;10.45;28.35;-57.55;0.1;0.0;0.0;0
0000001031;10.40;28.35;-57.55;-0.1;0.0;0.0;0
0000001032;10.30;28.45;-57.65;-0.1;0.1;-0.1;0
0000001033;10.25;28.45;-57.65;-0.1;0.0;0.0;0
0000001034;10.20;28.35;-57.65;-0.1;-0.1;0.0;0
0000001035;10.25;28.45;-57.55;0.1;0.1;0.1;0
0000001036;10.35;28.40;-57.65;0.1;-0.1;-0.1;0
0000001037;10.25;28.40;-57.75;-0.1;0.0;-0.1;0
0000001038;10.15;28.30;-57.75;-0.1;-0.1;0.0;0
0000001039;10.15;28.30;-57.65;0.0;0.0;0.1;0
0000001040;10.15;28.25;-57.65;0.0;-0.0;0.0;0
0000001041;10.20;28.35;-57.65;0.1;0.1;0.0;0
0000001042;10.25;28.35;-57.75;0.1;0.0;-0.1;0
0000001043;10.15;28.45;-57.75;-0.1;0.1;0.0;0
0000001044;10.15;28.55;-57.70;0.0;0.1;0.0;0
0000001045;10.05;28.60;-57.75;-0.1;0.1;-0.0;0
0000001046;10.00;28.55;-57.80;-0.1;-0.1;-0.0;0
0000001047;10.10;28.50;-57.80;0.1;-0.0;0.0;0
0000001048;10.20;28.45;-57.70;0.1;-0.0;0.1;0
0000001049;10.25;28.35;-57.60;0.1;-0.1;0.1;0
0000001050;10.15;28.40;-57.65;-0.1;0.0;-0.1;0
0000001051;10.05;28.35;-57.60;-0.1;-0.0;0.1;0
0000001052;9.95;28.30;-57.50;-0.1;-0.1;0.1;0
0000001053;9.95;28.40;-57.40;0.0;0.1;0.1;0
0000001054;9.85;28.45;-57.50;-0.1;0.1;-0.1;0
0000001055;9.85;28.45;-57.40;0.0;0.0;0.1;0
0000001056;9.85;28.55;-57.50;0.0;0.1;-0.1;0
0000001057;9.90;28.60;-57.50;0.0;0.1;0.0;0
0000001058;9.80;28.60;-57.60;-0.1;0.0;-0.1;0
0000001059;9.90;28.70;-57.50;0.1;0.1;0.1;0
0000001060;9.90;28.60;-57.55;0.0;-0.1;-0.0;0
0000001061;10.00;28.50;-57.60;0.1;-0.1;-0.0;0
0000001062;10.05;28.50;-57.60;0.1;0.0;0.0;0
0000001063;10.00;28.55;-57.60;-0.1;0.0;0.0;0
0000001064;9.90;28.60;-57.60;-0.1;0.1;0.0;0
0000001065;9.90;28.55;-57.55;0.0;-0.1;0.0;0
0000001066;9.95;28.60;-57.60;0.1;0.1;-0.0;0
0000001067;10.00;28.65;-57.60;0.1;0.0;0.0;0
0000001068;9.95;28.60;-57.60;-0.1;-0.0;0.0;0
0000001069;9.90;28.50;-57.65;-0.1;-0.1;-0.1;0
0000001070;9.90;28.60;-57.60;0.0;0.1;0.1;0
0000001071;9.85;28.60;-57.55;-0.0;0.0;0.0;0
0000001072;9.95;28.60;-57.50;0.1;0.0;0.0;0
0000001073;10.05;28.70;-57.45;0.1;0.1;0.0;0
0000001074;10.05;28.80;-57.55;0.0;0.1;-0.1;0
0000001075;10.15;28.85;-57.45;0.1;0.1;0.1;0
0000001076;10.15;28.85;-57.40;0.0;0.0;0.0;0
0000001077;10.15;28.90;-57.30;0.0;0.0;0.1;0
0000001078;10.10;28.90;-57.25;-0.0;0.0;0.0;0
0000001079;10.05;28.85;-57.15;-0.1;-0.0;0.1;0
0000001080;10.15;28.75;-57.10;0.1;-0.1;0.1;0
0000001081;10.25;28.85;-57.05;0.1;0.1;0.0;0
0000001082;10.30;28.80;-56.95;0.1;-0.1;0.1;0
0000001083;10.40;28.80;-56.85;0.1;0.0;0.1;0
0000001084;10.45;28.80;-56.85;0.1;0.0;0.0;0
0000001085;10.35;28.90;-56.85;-0.1;0.1;0.0;0
0000001086;10.40;28.90;-56.75;0.0;0.0;0.1;0
0000001087;10.45;28.90;-56.85;0.1;0.0;-0.1;0
0000001088;10.40;28.90;-56.80;-0.1;0.0;0.0;0
0000001089;10.40;28.80;-56.90;0.0;-0.1;-0.1;0
0000001090;10.40;28.70;-56.85;0.0;-0.1;0.1;0
0000001091;10.40;28.60;-56.85;0.0;-0.1;0.0;0
0000001092;10.30;28.65;-56.90;-0.1;0.0;-0.1;0
0000001093;10.25;28.70;-56.95;-0.1;0.1;-0.0;0
0000001094;10.20;28.70;-56.90;-0.1;0.0;0.0;0
0000001095;10.10;28.65;-56.95;-0.1;-0.1;-0.0;0
0000001096;10.10;28.75;-56.85;0.0;0.1;0.1;0
0000001097;10.05;28.80;-56.90;-0.1;0.0;-0.1;0
0000001098;10.10;28.85;-56.95;0.1;0.1;-0.0;0
0000001099;10.20;28.80;-56.95;0.1;-0.1;0.0;0
0000001100;10.25;28.75;-56.95;0.1;-0.0;0.0;0
0000001101;10.25;28.80;-56.85;0.0;0.0;0.1;0
0000001102;10.20;28.75;-56.90;-0.1;-0.0;-0.1;0
0000001103;10.25;28.65;-56.85;0.1;-0.1;0.1;0
0000001104;10.15;28.55;-56.75;-0.1;-0.1;0.1;0
0000001105;10.10;28.60;-56.70;-0.0;0.1;0.0;0
0000001106;10.15;28.50;-56.70;0.0;-0.1;0.0;0
0000001107;10.10;28.45;-56.70;-0.0;-0.0;0.0;0
0000001108;10.15;28.35;-56.75;0.0;-0.1;-0.0;0
0000001109;10.15;28.40;-56.75;0.0;0.0;0.0;0
0000001110;10.15;28.30;-56.80;0.0;-0.1;-0.0;0
0000001111;10.10;28.40;-56.90;-0.0;0.1;-0.1;0
0000001112;10.20;28.40;-56.80;0.1;0.0;0.1;0
0000001113;10.20;28.40;-56.80;0.0;0.0;0.0;0
0000001114;10.25;28.45;-56.70;0.1;0.1;0.1;0
0000001115;10.25;28.45;-56.65;0.0;0.0;0.0;0
0000001116;10.20;28.45;-56.55;-0.1;0.0;0.1;0
0000001117;10.25;28.50;-56.60;0.1;0.0;-0.0;0
0000001118;10.15;28.40;-56.60;-0.1;-0.1;0.0;0
0000001119;10.25;28.50;-56.65;0.1;0.1;-0.1;0
0000001120;10.20;28.50;-56.70;-0.1;0.0;-0.0;0
0000001121;10.20;28.45;-56.75;0.0;-0.0;-0.0;0
0000001122;10.10;28.40;-56.85;-0.1;-0.1;-0.1;0
0000001123;10.00;28.30;-56.85;-0.1;-0.1;0.0;0
0000001124;9.95;28.20;-56.95;-0.1;-0.1;-0.1;0
0000001125;9.95;28.30;-57.00;0.0;0.1;-0.0;0
0000001126;9.85;28.40;-56.95;-0.1;0.1;0.0;0
0000001127;9.90;28.45;-56.95;0.0;0.1;0.0;0
0000001128;9.80;28.40;-57.00;-0.1;-0.1;-0.0;0
0000001129;9.80;28.35;-56.90;0.0;-0.0;0.1;0
0000001130;9.80;28.45;-56.80;0.0;0.1;0.1;0
0000001131;9.80;28.40;-56.80;0.0;-0.1;0.0;0
0000001132;9.70;28.50;-56.85;-0.1;0.1;-0.0;0
0000001133;9.80;28.55;-56.80;0.1;0.0;0.0;0
0000001134;9.70;28.55;-56.80;-0.1;0.0;0.0;0
0000001135;9.80;28.65;-56.70;0.1;0.1;0.1;0
0000001136;9.80;28.65;-56.70;0.0;0.0;0.0;0
0000001137;9.90;28.75;-56.70;0.1;0.1;0.0;0
0000001138;10.00;28.80;-56.65;0.1;0.0;0.0;0
0000001139;9.95;28.80;-56.75;-0.1;0.0;-0.1;0
0000001140;10.05;28.75;-56.65;0.1;-0.0;0.1;0
0000001141;10.00;28.70;-56.70;-0.1;-0.0;-0.0;0
0000001142;10.05;28.80;-56.80;0.1;0.1;-0.1;0
0000001143;10.10;28.85;-56.70;0.1;0.1;0.1;0
0000001144;10.10;28.75;-56.65;0.0;-0.1;0.0;0
0000001145;10.00;28.80;-56.65;-0.1;0.0;0.0;0
0000001146;10.10;28.70;-56.55;0.1;-0.1;0.1;0
0000001147;10.05;28.70;-56.55;-0.1;0.0;0.0;0
0000001148;10.00;28.75;-56.50;-0.1;0.0;0.0;0
0000001149;9.90;28.70;-56.45;-0.1;-0.0;0.0;0
0000001150;9.90;28.80;-56.35;0.0;0.1;0.1;0
0000001151;9.95;28.90;-56.30;0.1;0.1;0.0;0
0000001152;9.85;28.80;-56.40;-0.1;-0.1;-0.1;0
0000001153;9.80;28.70;-56.40;-0.1;-0.1;0.0;0
0000001154;9.75;28.70;-56.50;-0.1;0.0;-0.1;0
0000001155;9.75;28.80;-56.40;0.0;0.1;0.1;0
0000001156;9.65;28.80;-56.50;-0.1;0.0;-0.1;0
0000001157;9.60;28.70;-56.50;-0.0;-0.1;0.0;0
0000001158;9.70;28.80;-56.40;0.1;0.1;0.1;0
0000001159;9.80;28.80;-56.50;0.1;0.0;-0.1;0
0000001160;9.85;28.75;-56.50;0.1;-0.0;0.0;0
0000001161;9.85;28.80;-56.50;0.0;0.0;0.0;0
0000001162;9.85;28.75;-56.60;0.0;-0.0;-0.1;0
0000001163;9.80;28.80;-56.50;-0.1;0.0;0.1;0
0000001164;9.85;28.90;-56.60;0.1;0.1;-0.1;0
0000001165;9.95;28.85;-56.60;0.1;-0.0;0.0;0
0000001166;9.85;28.85;-56.55;-0.1;0.0;0.0;0
0000001167;9.90;28.95;-56.50;0.0;0.1;0.0;0
0000001168;9.85;28.85;-56.40;-0.0;-0.1;0.1;0
0000001169;9.75;28.75;-56.35;-0.1;-0.1;0.1;0
0000001170;9.65;28.85;-56.40;-0.1;0.1;-0.1;0
0000001171;9.75;28.80;-56.50;0.1;-0.1;-0.1;0
0000001172;9.80;28.70;-56.50;0.1;-0.1;0.0;0
0000001173;9.85;28.80;-56.50;0.1;0.1;0.0;0
0000001174;9.90;28.85;-56.40;0.0;0.1;0.1;0
0000001175;9.95;28.80;-56.30;0.1;-0.1;0.1;0
0000001176;10.05;28.85;-56.25;0.1;0.1;0.0;0
0000001177;10.10;28.80;-56.25;0.1;-0.1;0.0;0
0000001178;10.15;28.85;-56.15;0.0;0.1;0.1;0
0000001179;10.10;28.95;-56.10;-0.0;0.1;0.1;0
0000001180;10.15;28.85;-56.00;0.0;-0.1;0.1;0
0000001181;10.05;28.85;-56.00;-0.1;0.0;0.0;0
0000001182;10.00;28.75;-56.10;-0.1;-0.1;-0.1;0
0000001183;10.00;28.70;-56.00;0.0;-0.0;0.1;0
0000001184;9.90;28.70;-55.95;-0.1;0.0;0.0;0
0000001185;9.90;28.65;-56.00;0.0;-0.1;-0.0;0
0000001186;9.80;28.55;-55.95;-0.1;-0.1;0.0;0
0000001187;9.70;28.60;-56.00;-0.1;0.1;-0.0;0
0000001188;9.65;28.55;-56.10;-0.1;-0.1;-0.1;0
0000001189;9.65;28.50;-56.05;0.0;-0.0;0.0;0
0000001190;9.65;28.60;-56.10;0.0;0.1;-0.0;0
0000001191;9.55;28.50;-56.15;-0.1;-0.1;-0.1;0
0000001192;9.55;28.45;-56.25;0.0;-0.0;-0.1;0
0000001193;9.50;28.45;-56.30;-0.1;0.0;-0.0;0
0000001194;9.55;28.50;-56.20;0.1;0.0;0.1;0
0000001195;9.55;28.40;-56.20;0.0;-0.1;0.0;0
0000001196;9.60;28.45;-56.15;0.1;0.1;0.0;0
