##########
# Исследование № 000008
# 2025-11-09 17:52:24
##########
0000000033;8.50;8.30;-26.75;1;0
0000000061;8.60;8.25;-26.70;1;0
0000000077;8.75;8.20;-26.60;1;0
0000000108;8.85;8.10;-26.55;1;0
0000000116;8.95;8.00;-26.50;1;0
0000000140;9.10;8.00;-26.40;1;0
0000000150;9.20;8.00;-26.30;1;0
0000000172;9.35;7.95;-26.25;1;0
0000000226;9.45;7.90;-26.20;1;0
0000000233;9.50;7.80;-26.05;1;0
0000000253;9.60;7.70;-25.95;1;0
0000000281;9.70;7.65;-25.85;1;0
0000000309;9.80;7.55;-25.80;1;0
0000000310;9.90;7.50;-25.70;1;0
0000000325;10.00;7.40;-25.60;1;0
0000000357;10.10;7.40;-25.50;1;0
0000000371;10.20;7.35;-25.40;1;0
0000000401;10.30;7.30;-25.30;1;0
0000000420;10.40;7.25;-25.15;1;0
0000000455;10.45;7.20;-25.10;1;0
0000000470;10.60;7.10;-25.00;1;0
0000000492;10.75;7.00;-24.90;1;0
0000000503;10.85;7.00;-24.80;1;0
0000000531;10.95;7.00;-24.70;1;0
0000000555;11.00;6.95;-24.65;1;0
0000000578;11.05;6.90;-24.55;1;0
0000000598;11.20;6.85;-24.40;1;0
0000000610;11.35;6.85;-24.30;1;0
0000000628;11.45;6.75;-24.25;1;0
0000000673;11.60;6.70;-24.10;1;0
0000000689;11.65;6.60;-24.00;1;0
0000000700;11.75;6.55;-23.95;1;0
0000000729;11.90;6.50;-23.80;1;0
0000000752;12.00;6.40;-23.65;1;0
0000000789;12.15;6.35;-23.60;1;0
0000000803;12.30;6.35;-23.55;1;0
0000000815;12.40;6.30;-23.45;1;0
0000000831;12.50;6.25;-23.30;1;0
0000000847;12.60;6.15;-23.20;1;0
0000000879;12.75;6.15;-23.10;1;0
0000000903;12.85;6.05;-23.00;1;1
0000000918;12.95;6.00;-22.85;1;1
0000000954;13.10;5.95;-22.75;1;1
0000000968;13.20;5.90;-22.60;1;1
0000001005;13.25;5.90;-22.55;1;1
0000001016;13.35;5.85;-22.50;0;1
0000001032;13.40;5.80;-22.40;0;1
0000001053;13.50;5.75;-22.30;0;1
0000001069;13.60;5.75;-22.15;0;1
0000001101;13.70;5.75;-22.05;0;1
0000001123;13.80;5.65;-21.95;0;1
0000001148;13.90;5.65;-21.90;0;1
0000001169;14.00;5.65;-21.75;0;1
0000001188;14.05;5.60;-21.60;0;1
0000001196;14.20;5.60;-21.50;0;1
0000001227;14.30;5.55;-21.40;0;1
0000001246;14.40;5.45;-21.35;0;1
0000001282;14.50;5.35;-21.20;0;1
0000001302;14.65;5.30;-21.10;0;1
0000001313;14.75;5.20;-21.05;0;1
0000001346;14.85;5.15;-20.95;0;1
0000001393;14.90;5.05;-20.85;0;1
0000001403;15.00;5.00;-20.75;0;1
0000001411;15.10;4.90;-20.60;0;1
0000001437;15.20;4.80;-20.55;0;1
0000001461;15.30;4.70;-20.45;0;1
0000001472;15.35;4.65;-20.40;0;1
0000001484;15.45;4.60;-20.30;0;1
0000001516;15.55;4.60;-20.25;0;1
0000001539;15.65;4.50;-20.15;0;1
0000001571;15.80;4.45;-20.05;0;1
0000001587;15.85;4.40;-19.90;0;1
0000001602;16.00;4.35;-19.85;0;1
0000001626;16.10;4.30;-19.75;0;1
0000001665;16.25;4.30;-19.60;0;1
0000001677;16.35;4.30;-19.45;0;1
0000001699;16.40;4.25;-19.35;0;1
0000001723;16.45;4.15;-19.25;0;1
0000001743;16.60;4.05;-19.20;0;1
0000001775;16.75;4.00;-19.10;0;1
0000001775;16.85;3.90;-19.00;0;1
0000001804;16.95;3.90;-18.95;0;1
0000001820;17.05;3.90;-18.85;0;1
0000001858;17.20;3.85;-18.75;0;1
0000001867;17.30;3.75;-18.60;0;1
0000001903;17.45;3.65;-18.50;0;1
0000001923;17.55;3.60;-18.45;0;1
0000001936;17.60;3.50;-18.40;0;1
0000001946;17.70;3.45;-18.30;0;1
0000002008;17.80;3.40;-18.20;0;1
0000002010;17.90;3.35;-18.05;0;1
0000002039;18.05;3.35;-17.95;0;1
0000002045;18.10;3.35;-17.80;0;1
0000002090;18.20;3.35;-17.65;0;1
0000002109;18.25;3.35;-17.55;0;1
0000002115;18.35;3.30;-17.50;0;1
0000002138;18.45;3.30;-17.40;0;1
0000002159;18.55;3.30;-17.35;0;1
0000002182;18.65;3.30;-17.25;0;1
0000002220;18.80;3.30;-17.20;0;1
0000002237;18.95;3.30;-17.15;0;1
0000002262;19.05;3.20;-17.00;0;1
0000002270;19.20;3.20;-16.90;0;1
0000002290;19.25;3.15;-16.75;0;1
0000002313;19.35;3.10;-16.70;0;1
0000002334;19.45;3.10;-16.60;0;1
0000002372;19.55;3.10;-16.50;0;1
0000002391;19.60;3.00;-16.40;0;1
0000002396;19.65;2.95;-16.35;0;1
0000002421;19.75;2.95;-16.25;0;1
0000002450;19.85;2.85;-16.15;0;1
0000002460;20.00;2.75;-16.05;0;1
0000002484;20.05;2.70;-16.00;0;1
0000002516;20.20;2.70;-15.90;0;1
0000002531;20.25;2.65;-15.75;0;1
0000002547;20.30;2.60;-15.70;0;1
0000002589;20.40;2.55;-15.65;0;1
0000002604;20.55;2.50;-15.60;0;1
0000002610;20.65;2.45;-15.50;0;1
0000002655;20.70;2.40;-15.40;0;1
0000002674;20.80;2.30;-15.35;0;1
0000002689;20.90;2.30;-15.25;0;1
0000002707;21.00;2.20;-15.15;0;1
0000002720;21.15;2.10;-15.05;0;1
0000002751;21.25;2.05;-15.00;0;1
0000002787;21.40;1.95;-14.95;0;1
0000002803;21.45;1.95;-14.85;0;1
0000002822;21.50;1.95;-14.70;0;1
0000002842;21.60;1.90;-14.60;0;1
0000002872;21.70;1.85;-14.55;0;1
0000002881;21.75;1.80;-14.45;0;1
0000002893;21.90;1.75;-14.40;0;1
0000002935;22.05;1.70;-14.30;0;1
0000002957;22.15;1.60;-14.20;0;1
0000002975;22.30;1.60;-14.10;0;1
0000002999;22.35;1.55;-13.95;0;1
0000003022;22.45;1.50;-13.85;0;1
0000003042;22.60;1.50;-13.75;0;1
0000003071;22.70;1.40;-13.65;0;1
0000003102;22.80;1.35;-13.60;0;1
0000003104;22.90;1.30;-13.50;0;1
0000003127;23.00;1.30;-13.45;0;1
0000003148;23.10;1.25;-13.35;0;1
0000003180;23.25;1.20;-13.25;0;1
0000003196;23.35;1.20;-13.15;0;1
0000003214;23.40;1.15;-13.05;0;1
0000003235;23.55;1.15;-13.00;0;1
0000003261;23.60;1.10;-12.95;0;1
0000003305;23.65;1.00;-12.90;0;1
0000003324;23.80;0.95;-12.85;0;1
0000003328;23.90;0.95;-12.75;0;1
0000003353;24.00;0.90;-12.65;0;1
0000003374;24.05;0.90;-12.60;0;1
0000003374;24.15;0.80;-12.50;0;1
0000003413;24.25;0.75;-12.35;0;1
0000003439;24.40;0.70;-12.25;0;1
0000003469;24.55;0.70;-12.15;0;1
0000003469;24.60;0.65;-12.05;0;1
0000003508;24.70;0.55;-11.95;0;1
0000003541;24.80;0.50;-11.90;0;1
0000003561;24.90;0.40;-11.75;0;1
0000003588;25.05;0.30;-11.65;0;1
0000003588;25.15;0.25;-11.60;0;1
0000003611;25.20;0.25;-11.50;0;1
0000003631;25.30;0.20;-11.35;0;1
0000003656;25.40;0.15;-11.25;0;1
0000003679;25.55;0.10;-11.10;0;1
0000003691;25.65;0.05;-11.00;0;1
0000003726;25.70;-0.05;-10.95;0;1
0000003743;25.75;-0.15;-10.80;0;1
0000003772;25.85;-0.15;-10.65;0;1
0000003786;25.90;-0.15;-10.55;0;1
0000003818;26.00;-0.20;-10.50;0;1
0000003833;26.05;-0.25;-10.35;0;1
0000003853;26.15;-0.25;-10.25;0;1
0000003875;26.25;-0.25;-10.10;0;1
0000003901;26.35;-0.35;-9.95;0;1
0000003913;26.40;-0.45;-9.90;0;1
0000003937;26.50;-0.45;-9.75;0;1
0000003964;26.65;-0.45;-9.70;0;1
0000003976;26.75;-0.50;-9.60;0;1
0000004025;26.85;-0.55;-9.55;0;1
0000004031;27.00;-0.65;-9.45;0;1
0000004040;27.15;-0.70;-9.40;0;1
0000004071;27.20;-0.75;-9.25;0;1
0000004090;27.35;-0.80;-9.10;0;1
0000004117;27.45;-0.90;-9.05;0;1
0000004141;27.60;-1.00;-8.95;0;1
0000004168;27.65;-1.05;-8.80;0;1
0000004182;27.70;-1.10;-8.75;0;1
0000004198;27.80;-1.15;-8.65;0;1
0000004216;27.90;-1.25;-8.60;0;1
0000004247;28.00;-1.30;-8.50;0;1
0000004261;28.05;-1.30;-8.45;0;1
0000004293;28.20;-1.40;-8.30;0;1
0000004342;28.35;-1.50;-8.20;0;1
0000004349;28.45;-1.50;-8.05;0;1
0000004393;28.55;-1.55;-7.95;0;1
0000004398;28.65;-1.60;-7.80;0;1
0000004404;28.70;-1.60;-7.75;0;1
0000004441;28.85;-1.65;-7.65;0;1
0000004456;28.90;-1.70;-7.60;0;1
0000004471;29.00;-1.80;-7.55;0;1
0000004494;29.05;-1.85;-7.45;0;1
0000004546;29.15;-1.95;-7.30;0;1
0000004550;29.25;-2.00;-7.25;0;1
0000004562;29.30;-2.10;-7.15;0;1
0000004577;29.45;-2.15;-7.05;0;1
0000004627;29.50;-2.25;-6.90;0;1
0000004635;29.60;-2.25;-6.75;0;1
0000004654;29.70;-2.30;-6.70;0;1
0000004670;29.80;-2.35;-6.60;0;1
0000004696;29.95;-2.45;-6.45;0;1
0000004719;30.10;-2.45;-6.30;0;1
0000004735;30.25;-2.50;-6.20;0;1
0000004773;30.30;-2.55;-6.15;0;1
0000004780;30.40;-2.60;-6.05;0;1
0000004808;30.55;-2.65;-5.95;0;1
0000004816;30.65;-2.70;-5.85;0;1
0000004847;30.75;-2.70;-5.75;0;1
0000004870;30.80;-2.75;-5.60;0;0
0000004907;30.85;-2.80;-5.55;0;0
0000004921;31.00;-2.80;-5.50;0;0
0000004935;31.15;-2.85;-5.45;0;0
0000004956;31.25;-2.85;-5.35;0;0
0000004987;31.35;-2.90;-5.25;0;0
0000005000;31.40;-3.00;-5.15;0;0
0000005022;31.55;-3.05;-5.10;0;0
0000005035;31.70;-3.05;-4.95;0;0
0000005074;31.85;-3.10;-4.90;0;0
0000005090;31.95;-3.15;-4.85;0;0
0000005112;32.00;-3.15;-4.70;0;0
0000005130;32.10;-3.25;-4.55;0;0
0000005154;32.25;-3.30;-4.45;0;0
0000005190;32.35;-3.35;-4.30;0;0
0000005207;32.45;-3.40;-4.25;0;0
0000005225;32.55;-3.50;-4.10;0;0
0000005249;32.65;-3.55;-4.05;0;0
0000005273;32.80;-3.55;-3.95;0;0
0000005298;32.85;-3.60;-3.80;0;0
0000005321;32.95;-3.70;-3.70;0;0
0000005345;33.05;-3.80;-3.65;0;0
0000005354;33.20;-3.85;-3.55;0;0
0000005375;33.25;-3.95;-3.45;0;0
0000005391;33.30;-4.00;-3.35;0;0
0000005426;33.40;-4.00;-3.20;0;0
0000005454;33.45;-4.10;-3.15;0;0
0000005463;33.55;-4.15;-3.10;0;0
0000005484;33.70;-4.20;-3.05;0;0
0000005520;33.80;-4.30;-3.00;0;0
0000005539;33.90;-4.30;-2.90;0;0
0000005549;33.95;-4.35;-2.85;0;0
0000005573;34.00;-4.45;-2.75;0;0
0000005597;34.05;-4.45;-2.70;0;0
0000005618;34.20;-4.45;-2.55;0;0
0000005651;34.35;-4.50;-2.45;0;0
0000005672;34.45;-4.50;-2.40;0;0
0000005695;34.50;-4.50;-2.25;0;0
0000005705;34.65;-4.60;-2.10;0;0
0000005739;34.70;-4.60;-2.05;0;0
0000005754;34.80;-4.65;-1.90;0;0
0000005782;34.90;-4.65;-1.85;0;0
0000005806;35.05;-4.65;-1.75;0;0
0000005829;35.20;-4.75;-1.65;0;0
0000005837;35.35;-4.85;-1.60;0;0
0000005873;35.50;-4.90;-1.45;0;0
0000005888;35.55;-4.90;-1.40;0;0
0000005903;35.65;-4.95;-1.25;0;0
0000005936;35.70;-5.05;-1.15;0;0
0000005950;35.80;-5.10;-1.05;0;0
0000005971;35.90;-5.10;-0.90;0;0
0000005994;36.05;-5.15;-0.80;0;0
0000006029;36.15;-5.25;-0.70;0;0
0000006029;36.30;-5.25;-0.60;0;0
0000006056;36.35;-5.30;-0.50;0;0
0000006079;36.50;-5.35;-0.40;0;0
0000006106;36.65;-5.40;-0.35;0;0
0000006122;36.75;-5.50;-0.25;0;0
0000006154;36.90;-5.50;-0.15;0;0
0000006175;37.00;-5.55;0.00;0;0
0000006212;37.10;-5.55;0.10;0;0
0000006218;37.20;-5.55;0.20;0;0
0000006251;37.25;-5.65;0.30;0;0
0000006255;37.35;-5.70;0.35;0;0
0000006277;37.45;-5.75;0.50;0;0
0000006310;37.50;-5.85;0.60;0;0
0000006325;37.60;-5.95;0.70;0;0
0000006357;37.75;-5.95;0.80;0;0
0000006385;37.85;-6.05;0.90;0;0
0000006406;37.95;-6.10;1.00;0;0
0000006425;38.10;-6.20;1.05;0;0
0000006434;38.15;-6.30;1.10;0;0
0000006457;38.25;-6.35;1.25;0;0
0000006492;38.35;-6.35;1.35;0;0
0000006492;38.45;-6.40;1.50;0;0
0000006534;38.55;-6.40;1.65;0;0
0000006556;38.70;-6.40;1.70;0;0
0000006566;38.75;-6.45;1.80;0;0
0000006585;38.85;-6.45;1.90;0;0
0000006615;38.90;-6.50;1.95;0;0
0000006634;39.00;-6.55;2.10;0;0
0000006653;39.15;-6.65;2.20;0;0
0000006677;39.30;-6.70;2.30;0;0
0000006727;39.40;-6.75;2.20;0;0
0000006744;39.45;-6.80;2.15;0;0
0000006746;39.50;-6.80;2.10;0;0
0000006771;39.50;-6.90;2.05;0;0
0000006791;39.50;-6.90;2.00;0;0
0000006820;39.55;-6.95;1.95;0;0
0000006857;39.55;-7.00;1.85;0;0
0000006866;39.50;-7.10;1.80;0;0
0000006866;39.50;-7.10;1.75;0;0
0000006882;39.55;-7.15;1.75;0;0
0000006913;39.55;-7.20;1.70;0;0
0000006932;39.60;-7.25;1.65;0;0
0000006969;39.55;-7.35;1.55;0;0
0000006976;39.55;-7.40;1.50;0;0
0000006999;39.50;-7.45;1.45;0;0
0000007024;39.45;-7.55;1.45;0;0
0000007058;39.45;-7.55;1.40;0;0
0000007080;39.45;-7.60;1.30;0;0
0000007105;39.45;-7.70;1.25;0;0
0000007119;39.45;-7.80;1.20;0;0
0000007135;39.45;-7.85;1.20;0;0
0000007169;39.45;-7.90;1.15;0;0
0000007183;39.45;-8.00;1.10;0;0
0000007200;39.45;-8.05;1.00;0;0
0000007232;39.50;-8.15;0.90;0;0
0000007250;39.50;-8.20;0.85;0;0
0000007290;39.45;-8.25;0.85;0;0
0000007310;39.45;-8.30;0.85;0;0
0000007310;39.50;-8.35;0.85;0;0
0000007343;39.50;-8.40;0.80;0;0
0000007391;39.45;-8.45;0.70;0;0
0000007391;39.40;-8.50;0.65;0;0
0000007407;39.35;-8.55;0.60;0;0
0000007430;39.40;-8.60;0.60;0;0
0000007454;39.40;-8.60;0.50;0;0
0000007474;39.45;-8.65;0.45;0;0
0000007492;39.50;-8.70;0.35;0;0
0000007517;39.50;-8.70;0.30;0;0
0000007543;39.45;-8.75;0.25;0;0
0000007569;39.40;-8.80;0.25;0;0
0000007589;39.45;-8.85;0.20;0;0
0000007601;39.50;-8.85;0.20;0;0
0000007620;39.45;-8.85;0.15;0;0
0000007648;39.45;-8.85;0.15;0;0
0000007662;39.45;-8.90;0.10;0;0
0000007696;39.45;-9.00;0.00;0;0
0000007718;39.50;-9.00;-0.10;0;0
0000007731;39.55;-9.10;-0.10;0;0
0000007757;39.55;-9.15;-0.15;0;0
0000007780;39.50;-9.20;-0.20;0;0
0000007802;39.50;-9.30;-0.20;0;0
0000007818;39.50;-9.35;-0.25;0;0
0000007850;39.50;-9.35;-0.25;0;0
0000007864;39.55;-9.40;-0.30;0;0
0000007891;39.55;-9.45;-0.30;0;0
0000007916;39.60;-9.50;-0.40;0;0
0000007956;39.65;-9.55;-0.50;0;0
0000007977;39.65;-9.45;-0.50;0;0
0000007981;39.60;-9.35;-0.60;0;0
0000007995;39.55;-9.30;-0.60;0;0
0000008025;39.55;-9.25;-0.70;0;0
0000008038;39.55;-9.20;-0.70;0;0
0000008094;39.55;-9.10;-0.75;0;0
0000008098;39.55;-9.05;-0.85;0;0
0000008132;39.50;-8.95;-0.95;0;0
0000008138;39.45;-8.90;-1.05;0;0
0000008158;39.45;-8.85;-1.05;0;0
0000008181;39.45;-8.80;-1.10;0;0
0000008215;39.50;-8.75;-1.15;0;0
0000008225;39.55;-8.65;-1.15;0;0
0000008243;39.55;-8.65;-1.25;0;0
0000008273;39.55;-8.60;-1.30;0;0
0000008281;39.60;-8.50;-1.30;0;0
0000008336;39.65;-8.45;-1.30;0;0
0000008355;39.60;-8.35;-1.35;0;0
0000008356;39.60;-8.30;-1.45;0;0
0000008375;39.60;-8.25;-1.55;0;0
0000008403;39.65;-8.15;-1.60;0;0
0000008407;39.65;-8.10;-1.60;0;0
0000008439;39.70;-8.05;-1.60;0;0
0000008478;39.75;-7.95;-1.70;0;0
0000008484;39.70;-7.90;-1.75;0;0
0000008506;39.70;-7.80;-1.75;0;0
0000008533;39.75;-7.80;-1.75;0;0
0000008574;39.75;-7.80;-1.80;0;0
0000008594;39.70;-7.75;-1.80;0;0
0000008598;39.75;-7.75;-1.85;0;0
0000008615;39.70;-7.70;-1.95;0;0
0000008640;39.70;-7.65;-1.95;0;0
0000008671;39.70;-7.65;-2.00;0;0
0000008696;39.70;-7.55;-2.05;0;0
0000008704;39.70;-7.55;-2.10;0;0
0000008740;39.65;-7.55;-2.10;0;0
0000008740;39.65;-7.50;-2.20;0;0
0000008774;39.70;-7.40;-2.20;0;0
0000008794;39.75;-7.35;-2.25;0;0
0000008813;39.75;-7.30;-2.30;0;0
0000008834;39.70;-7.25;-2.30;0;0
0000008852;39.70;-7.15;-2.30;0;0
0000008882;39.70;-7.10;-2.30;0;0
0000008898;39.65;-7.00;-2.30;0;0
0000008929;39.65;-7.00;-2.30;0;0
0000008945;39.65;-6.95;-2.40;0;0
0000008961;39.60;-6.90;-2.40;0;0
0000008993;39.55;-6.85;-2.40;0;0
0000009028;39.55;-6.75;-2.40;0;0
0000009028;39.50;-6.65;-2.45;0;0
0000009058;39.45;-6.60;-2.50;0;0
0000009079;39.45;-6.60;-2.60;0;0
0000009119;39.50;-6.50;-2.60;0;0
0000009135;39.50;-6.40;-2.65;0;0
0000009156;39.55;-6.30;-2.70;0;0
0000009166;39.55;-6.25;-2.75;0;0
0000009182;39.50;-6.25;-2.80;0;0
0000009216;39.55;-6.15;-2.90;0;0
0000009231;39.60;-6.10;-2.90;0;0
0000009251;39.60;-6.05;-3.00;0;0
0000009279;39.65;-6.00;-3.05;0;0
0000009306;39.65;-6.00;-3.15;0;0
0000009326;39.70;-5.95;-3.25;0;0
0000009357;39.70;-5.85;-3.25;0;0
0000009389;39.70;-5.80;-3.30;0;0
0000009391;39.70;-5.75;-3.30;0;0
0000009413;39.65;-5.70;-3.35;0;0
0000009437;39.65;-5.65;-3.45;0;0
0000009456;39.60;-5.55;-3.50;0;0
0000009486;39.60;-5.50;-3.55;0;0
0000009504;39.65;-5.45;-3.65;0;0
0000009522;39.65;-5.45;-3.70;0;0
0000009554;39.60;-5.45;-3.75;0;0
0000009595;39.65;-5.45;-3.85;0;0
0000009596;39.70;-5.40;-3.95;1;0
0000009596;39.70;-5.30;-4.05;1;0
0000009648;39.65;-5.25;-4.10;1;0
0000009653;39.65;-5.15;-4.15;1;0
0000009675;39.70;-5.10;-4.20;1;0
0000009692;39.75;-5.05;-4.30;1;0
0000009727;39.75;-5.05;-4.30;1;0
0000009740;39.75;-5.00;-4.30;1;0
0000009772;39.70;-4.95;-4.35;1;0
0000009790;39.75;-4.95;-4.40;1;0
0000009825;39.80;-4.90;-4.40;1;0
0000009835;39.80;-4.90;-4.45;1;0
0000009857;39.80;-4.80;-4.50;1;0
0000009867;39.80;-4.80;-4.60;1;0
0000009899;39.80;-4.75;-4.70;1;0
0000009924;39.85;-4.65;-4.80;1;0
0000009950;39.85;-4.65;-4.85;1;0
0000009971;39.85;-4.60;-4.90;1;0
0000009980;39.80;-4.60;-4.90;1;0
0000010005;39.80;-4.55;-5.00;1;0
0000010028;39.80;-4.50;-5.10;1;0
0000010050;39.85;-4.40;-5.15;1;0
0000010074;39.85;-4.40;-5.15;1;0
0000010097;39.90;-4.30;-5.25;1;0
0000010104;39.85;-4.25;-5.30;1;0
0000010136;39.90;-4.15;-5.40;1;0
0000010160;39.90;-4.10;-5.45;1;0
0000010219;39.90;-4.00;-5.50;1;0
0000010246;39.85;-3.95;-5.60;1;0
0000010251;39.90;-3.90;-5.65;1;0
0000010253;39.90;-3.85;-5.70;1;0
0000010262;39.90;-3.80;-5.80;1;0
0000010292;39.90;-3.70;-5.85;1;0
0000010310;39.85;-3.65;-5.95;1;0
0000010343;39.85;-3.55;-6.05;1;0
0000010359;39.90;-3.50;-6.10;1;0
0000010379;39.95;-3.45;-6.15;1;0
0000010402;39.95;-3.35;-6.20;1;0
0000010440;40.00;-3.30;-6.25;1;0
0000010454;40.05;-3.25;-6.25;1;0
0000010454;40.05;-3.20;-6.35;1;0
0000010491;40.05;-3.20;-6.45;1;0
0000010513;40.05;-3.15;-6.50;1;0
0000010534;40.05;-3.05;-6.50;1;0
0000010563;40.00;-3.00;-6.55;1;0
0000010582;40.00;-3.00;-6.65;1;0
0000010615;39.95;-2.90;-6.75;1;0
0000010623;39.95;-2.85;-6.85;1;0
0000010649;39.95;-2.75;-6.90;1;0
0000010674;39.90;-2.70;-6.90;1;0
0000010708;39.90;-2.65;-6.90;1;0
0000010725;39.90;-2.65;-6.90;1;0
0000010755;39.85;-2.65;-6.90;1;0
0000010755;39.80;-2.65;-6.90;1;0
0000010781;39.85;-2.60;-6.95;1;0
0000010811;39.80;-2.50;-6.95;1;0
0000010816;39.75;-2.45;-7.00;1;0
0000010865;39.75;-2.40;-7.05;1;0
0000010871;39.70;-2.40;-7.10;1;0
0000010878;39.70;-2.35;-7.15;1;0
0000010910;39.70;-2.25;-7.20;1;0
0000010931;39.75;-2.15;-7.25;1;0
0000010954;39.70;-2.10;-7.30;1;0
0000010995;39.70;-2.05;-7.35;1;0
0000010999;39.70;-2.00;-7.40;1;0
0000011025;39.70;-1.90;-7.40;1;0
0000011055;39.70;-1.85;-7.45;1;0
0000011098;39.65;-1.80;-7.45;1;0
0000011106;39.65;-1.80;-7.55;1;0
0000011108;39.65;-1.80;-7.65;1;0
0000011151;39.60;-1.75;-7.65;1;0
0000011158;39.55;-1.65;-7.70;1;0
0000011179;39.55;-1.55;-7.75;1;0
0000011230;39.55;-1.55;-7.80;1;0
0000011238;39.55;-1.55;-7.80;1;0
0000011240;39.50;-1.50;-7.85;1;0
0000011266;39.50;-1.45;-7.95;1;0
0000011298;39.45;-1.40;-8.00;1;0
0000011306;39.50;-1.40;-8.05;1;0
0000011330;39.50;-1.35;-8.05;1;0
0000011353;39.45;-1.30;-8.10;1;0
0000011379;39.50;-1.30;-8.15;1;0
0000011408;39.55;-1.20;-8.20;1;0
0000011437;39.50;-1.15;-8.25;1;0
0000011463;39.50;-1.10;-8.30;1;0
0000011469;39.55;-1.00;-8.35;1;0
0000011515;39.60;-0.95;-8.45;1;0
0000011520;39.55;-0.85;-8.45;1;0
0000011560;39.60;-0.80;-8.55;1;0
0000011572;39.60;-0.75;-8.60;1;1
0000011572;39.60;-0.70;-8.65;1;1
0000011602;39.65;-0.60;-8.70;1;1
0000011623;39.70;-0.50;-8.70;1;1
0000011639;39.70;-0.40;-8.75;1;1
0000011664;39.75;-0.35;-8.85;1;1
0000011713;39.75;-0.30;-8.90;1;1
0000011720;39.80;-0.30;-9.00;1;1
0000011743;39.80;-0.25;-9.00;1;1
0000011745;39.80;-0.20;-9.05;1;1
0000011794;39.80;-0.20;-9.15;1;1
0000011805;39.75;-0.10;-9.20;1;1
0000011842;39.70;0.00;-9.25;1;1
0000011866;39.70;0.05;-9.25;1;1
0000011872;39.65;0.10;-9.35;1;1
0000011892;39.65;0.10;-9.45;1;1
0000011901;39.65;0.20;-9.55;1;1
0000011931;39.65;0.30;-9.60;1;1
0000011949;39.65;0.30;-9.65;1;1
0000011978;39.60;0.40;-9.65;1;1
0000011990;39.60;0.45;-9.70;1;1
0000012029;39.65;0.50;-9.75;1;1
0000012037;39.70;0.50;-9.85;1;1
0000012083;39.70;0.50;-9.85;1;1
0000012091;39.70;0.50;-9.85;1;1
0000012130;39.75;0.55;-9.85;1;1
0000012136;39.80;0.65;-9.85;1;1
0000012142;39.85;0.65;-9.90;1;1
0000012171;39.80;0.70;-9.90;1;1
0000012202;39.85;0.75;-9.90;1;1
0000012229;39.85;0.80;-9.95;1;1
0000012235;39.85;0.85;-10.00;1;1
0000012263;39.85;0.90;-10.05;1;1
0000012298;39.85;0.95;-10.10;1;1
0000012303;39.90;1.00;-10.10;1;1
0000012326;39.95;1.00;-10.15;1;1
0000012365;39.90;1.05;-10.20;1;1
0000012369;39.95;1.10;-10.30;1;1
0000012414;39.90;1.15;-10.35;1;1
0000012420;39.85;1.25;-10.40;1;1
0000012450;39.85;1.25;-10.45;1;1
0000012455;39.85;1.30;-10.50;1;1
0000012492;39.85;1.40;-10.55;1;1
0000012503;39.80;1.40;-10.65;1;1
0000012543;39.80;1.45;-10.65;1;1
0000012550;39.85;1.55;-10.75;1;1
0000012581;39.80;1.65;-10.85;1;1
0000012587;39.75;1.75;-10.95;1;1
0000012604;39.70;1.80;-11.00;1;1
0000012645;39.65;1.90;-11.10;1;1
0000012653;39.60;1.90;-11.20;1;1
0000012693;39.55;1.95;-11.30;1;1
0000012719;39.50;2.00;-11.40;1;1
0000012719;39.45;2.05;-11.40;1;1
0000012759;39.45;2.10;-11.45;1;1
0000012775;39.40;2.15;-11.50;1;1
0000012791;39.35;2.20;-11.55;1;1
0000012808;39.35;2.30;-11.55;1;1
0000012829;39.35;2.35;-11.55;1;1
0000012852;39.30;2.40;-11.65;1;1
0000012885;39.25;2.45;-11.70;1;1
0000012913;39.25;2.45;-11.75;1;1
0000012913;39.25;2.50;-11.80;1;1
0000012937;39.30;2.60;-11.85;1;1
0000012949;39.30;2.70;-11.95;1;1
0000012981;39.35;2.70;-12.00;1;1
0000013008;39.40;2.75;-12.00;1;1
0000013022;39.40;2.80;-12.05;1;1
0000013056;39.40;2.80;-12.15;1;1
0000013080;39.40;2.80;-12.20;1;1
0000013080;39.35;2.85;-12.20;1;1
0000013112;39.40;2.90;-12.25;1;1
0000013120;39.35;2.90;-12.30;1;1
0000013157;39.40;2.95;-12.35;1;1
0000013165;39.45;3.05;-12.35;1;1
0000013193;39.40;3.05;-12.45;1;1
0000013231;39.40;3.10;-12.55;1;1
0000013259;39.35;3.20;-12.55;1;1
0000013259;39.40;3.25;-12.65;1;1
0000013262;39.35;3.30;-12.70;1;1
0000013280;39.40;3.30;-12.75;1;1
0000013292;39.45;3.35;-12.85;1;1
0000013322;39.45;3.40;-12.85;1;1
0000013357;39.45;3.40;-12.85;1;1
0000013389;39.45;3.40;-12.95;1;1
0000013391;39.45;3.45;-13.05;1;1
0000013397;39.50;3.55;-13.10;1;1
0000013408;39.55;3.65;-13.15;1;1
0000013432;39.50;3.70;-13.15;1;1
0000013440;39.55;3.80;-13.25;1;1
0000013440;39.60;3.80;-13.35;1;1
0000013474;39.55;3.80;-13.35;1;1
0000013495;39.60;3.85;-13.40;1;1
0000013499;39.65;3.95;-13.40;1;1
0000013511;39.70;4.05;-13.45;1;1
0000013534;39.70;4.15;-13.50;1;1
0000013546;39.70;4.20;-13.55;1;1
0000013588;39.70;4.25;-13.65;1;1
0000013618;39.75;4.35;-13.75;1;1
0000013620;39.80;4.45;-13.80;1;1
0000013620;39.80;4.55;-13.80;1;1
0000013633;39.75;4.60;-13.90;1;1
0000013679;39.70;4.65;-13.95;1;1
0000013687;39.70;4.75;-14.05;1;1
0000013705;39.75;4.85;-14.05;1;1
0000013709;39.80;4.95;-14.10;1;1
0000013725;39.80;4.95;-14.20;1;1
0000013757;39.80;5.05;-14.25;1;1
0000013774;39.85;5.10;-14.35;1;1
0000013774;39.90;5.10;-14.45;1;1
0000013814;39.90;5.10;-14.50;1;1
0000013822;39.90;5.15;-14.60;1;1
0000013860;39.90;5.25;-14.65;1;1
0000013871;39.90;5.30;-14.70;1;1
0000013873;39.95;5.40;-14.75;1;1
0000013904;40.00;5.50;-14.80;1;1
0000013936;39.95;5.55;-14.80;1;1
0000013936;39.95;5.60;-14.90;1;1
0000013959;39.95;5.65;-14.95;1;1
0000013988;39.90;5.70;-14.95;1;1
0000013988;39.85;5.75;-15.05;1;1
0000014020;39.90;5.75;-15.10;1;1
0000014045;39.90;5.75;-15.15;1;1
0000014049;39.90;5.85;-15.20;1;1
0000014051;39.90;5.90;-15.20;1;1
0000014082;39.85;5.95;-15.25;1;1
0000014088;39.85;6.05;-15.35;1;1
0000014116;39.90;6.10;-15.40;1;1
0000014124;39.95;6.15;-15.45;1;1
0000014148;39.95;6.15;-15.50;1;1
0000014185;39.90;6.20;-15.60;1;1
0000014199;39.90;6.25;-15.70;1;1
0000014224;39.90;6.30;-15.75;1;1
0000014250;39.90;6.30;-15.75;1;1
0000014259;39.90;6.35;-15.80;1;1
0000014286;39.90;6.40;-15.85;1;1
0000014288;39.90;6.45;-15.85;1;1
0000014290;39.90;6.50;-15.90;1;1
0000014328;39.85;6.50;-15.95;1;0
0000014340;39.80;6.60;-16.00;1;0
0000014340;39.80;6.70;-16.10;1;0
0000014371;39.80;6.80;-16.20;1;0
0000014404;39.80;6.80;-16.20;1;0
0000014404;39.85;6.85;-16.30;1;0
0000014425;39.85;6.95;-16.35;1;0
0000014454;39.85;6.95;-16.45;1;0
0000014456;39.80;7.00;-16.55;1;0
0000014481;39.75;7.05;-16.60;1;0
0000014487;39.80;7.05;-16.65;1;0
0000014505;39.85;7.15;-16.65;1;0
0000014521;39.90;7.25;-16.70;0;0
0000014551;39.85;7.30;-16.70;0;0
0000014558;39.80;7.35;-16.75;0;0
0000014585;39.80;7.40;-16.80;0;0
0000014593;39.85;7.50;-16.80;0;0
0000014614;39.85;7.50;-16.85;0;0
0000014632;39.90;7.55;-16.90;0;0
0000014689;39.85;7.65;-16.95;0;0
0000014711;39.85;7.70;-17.05;0;0
0000014713;39.85;7.75;-17.05;0;0
0000014713;39.80;7.80;-17.10;0;0
0000014719;39.75;7.80;-17.15;0;0
0000014741;39.80;7.85;-17.15;0;0
0000014773;39.80;7.90;-17.20;0;0
0000014775;39.80;8.00;-17.30;0;0
0000014802;39.80;8.05;-17.35;0;0
0000014808;39.80;8.10;-17.45;0;0
0000014836;39.75;8.10;-17.55;0;0
0000014867;39.80;8.20;-17.55;0;0
0000014868;39.85;8.25;-17.65;0;0
0000014892;39.85;8.30;-17.75;0;0
0000014904;39.85;8.35;-17.75;0;0
0000014937;39.85;8.40;-17.80;0;0
0000014942;39.90;8.50;-17.90;0;0
0000014981;39.85;8.55;-18.00;0;0
0000014987;39.85;8.60;-18.05;0;0
0000014989;39.85;8.60;-18.15;0;0
0000015027;39.85;8.70;-18.20;0;0
0000015034;39.85;8.70;-18.30;0;0
0000015043;39.80;8.70;-18.30;0;0
0000015087;39.80;8.75;-18.35;0;0
0000015093;39.80;8.75;-18.35;0;0
0000015117;39.85;8.75;-18.40;0;0
0000015119;39.80;8.85;-18.50;0;0
0000015149;39.80;8.95;-18.50;0;0
0000015154;39.85;8.95;-18.55;0;0
0000015179;39.85;8.95;-18.60;0;0
0000015188;39.85;9.05;-18.65;0;0
0000015222;39.80;9.10;-18.75;0;0
0000015256;39.85;9.15;-18.75;0;0
0000015258;39.80;9.20;-18.80;0;0
0000015285;39.80;9.20;-18.90;0;0
0000015291;39.80;9.30;-19.00;0;0
0000015315;39.80;9.40;-19.00;0;0
0000015318;39.85;9.45;-19.00;0;0
0000015363;39.85;9.55;-19.10;0;0
0000015371;39.80;9.50;-19.15;0;0
0000015371;39.85;9.45;-19.15;0;0
0000015401;39.90;9.45;-19.25;0;0
0000015405;39.90;9.45;-19.30;0;0
0000015443;39.90;9.35;-19.35;0;0
0000015474;39.90;9.30;-19.40;0;0
0000015476;39.90;9.20;-19.40;0;0
0000015498;39.90;9.15;-19.45;0;0
0000015500;39.90;9.10;-19.55;0;0
0000015513;39.95;9.05;-19.60;0;0
0000015559;40.00;9.00;-19.65;0;0
0000015583;40.05;8.95;-19.75;0;0
0000015591;40.05;8.95;-19.75;0;0
0000015591;40.00;8.90;-19.80;0;0
0000015614;40.00;8.90;-19.85;0;0
0000015614;40.00;8.85;-19.90;0;0
0000015641;40.00;8.75;-19.90;0;0
0000015695;40.00;8.65;-19.90;0;0
0000015704;39.95;8.65;-19.95;0;0
0000015704;40.00;8.55;-20.00;0;0
0000015725;40.00;8.45;-20.00;0;0
0000015735;39.95;8.40;-20.05;0;0
0000015769;39.95;8.40;-20.05;0;0
0000015775;40.00;8.35;-20.10;0;0
0000015796;40.00;8.25;-20.15;0;0
0000015805;40.00;8.25;-20.20;0;0
0000015828;40.00;8.15;-20.25;0;0
0000015839;39.95;8.10;-20.30;0;0
0000015872;39.90;8.05;-20.35;0;0
0000015887;39.95;7.95;-20.40;0;0
0000015891;39.95;7.85;-20.45;0;0
0000015917;40.00;7.75;-20.50;0;0
0000015935;40.05;7.70;-20.60;0;0
0000015980;40.05;7.70;-20.60;0;0
0000015986;40.05;7.65;-20.60;0;0
0000015988;40.10;7.65;-20.60;0;0
0000016007;40.10;7.65;-20.65;0;0
0000016020;40.05;7.55;-20.75;0;0
0000016041;40.05;7.50;-20.80;0;0
0000016055;40.00;7.45;-20.80;0;0
0000016077;40.00;7.45;-20.80;0;0
0000016115;40.00;7.35;-20.85;0;0
0000016124;40.05;7.25;-20.95;0;0
0000016126;40.00;7.15;-21.05;0;0
0000016152;40.05;7.15;-21.10;0;0
0000016187;40.10;7.15;-21.15;0;0
0000016193;40.10;7.05;-21.25;0;0
0000016215;40.05;7.05;-21.30;0;0
0000016219;40.00;7.00;-21.30;0;0
0000016240;40.00;7.00;-21.35;0;0
0000016272;39.95;6.90;-21.45;0;0
0000016274;39.95;6.90;-21.50;0;0
0000016300;39.95;6.90;-21.55;0;0
0000016306;40.00;6.80;-21.55;0;0
0000016349;39.95;6.75;-21.60;0;0
0000016358;40.00;6.70;-21.60;0;0
0000016376;39.95;6.60;-21.65;0;0
0000016405;40.00;6.50;-21.65;0;0
0000016426;40.00;6.40;-21.65;0;0
0000016426;39.95;6.30;-21.70;0;0
0000016434;39.90;6.30;-21.80;0;0
0000016450;39.90;6.25;-21.90;0;0
0000016482;39.85;6.20;-22.00;0;0
0000016482;39.80;6.20;-22.05;0;0
0000016490;39.80;6.20;-22.05;0;0
0000016525;39.80;6.15;-22.15;0;0
0000016542;39.75;6.05;-22.25;0;0
0000016579;39.75;5.95;-22.30;0;0
0000016587;39.75;5.95;-22.35;0;0
0000016625;39.70;5.90;-22.45;0;0
0000016643;39.70;5.85;-22.50;0;0
0000016655;39.70;5.75;-22.55;0;0
0000016668;39.75;5.70;-22.60;0;0
0000016670;39.80;5.60;-22.65;0;0
0000016702;39.75;5.60;-22.70;0;0
0000016708;39.80;5.55;-22.70;0;0
0000016724;39.75;5.50;-22.70;0;0
0000016743;39.70;5.45;-22.75;0;0
0000016765;39.75;5.40;-22.85;0;0
0000016775;39.75;5.40;-22.90;0;0
0000016814;39.80;5.35;-22.90;0;0
0000016823;39.75;5.30;-22.95;0;0
0000016858;39.75;5.20;-22.95;0;0
0000016860;39.70;5.10;-23.05;0;0
0000016876;39.70;5.05;-23.15;0;0
0000016894;39.65;4.95;-23.15;0;0
0000016902;39.60;4.90;-23.20;0;0
0000016922;39.60;4.90;-23.25;0;0
0000016945;39.60;4.80;-23.35;0;0
0000016954;39.60;4.70;-23.45;0;0
0000016966;39.60;4.65;-23.45;0;0
0000016993;39.60;4.60;-23.45;0;0
0000017013;39.55;4.55;-23.50;0;0
0000017031;39.60;4.45;-23.60;0;0
0000017061;39.60;4.45;-23.60;0;0
0000017071;39.60;4.45;-23.70;0;0
0000017092;39.60;4.40;-23.80;0;0
0000017103;39.60;4.30;-23.85;0;0
0000017137;39.55;4.25;-23.90;0;0
0000017139;39.50;4.20;-23.90;0;0
0000017173;39.55;4.20;-23.90;0;0
0000017195;39.50;4.10;-23.95;0;0
0000017199;39.55;4.00;-24.05;0;0
0000017232;39.50;4.00;-24.10;0;0
0000017238;39.50;3.95;-24.15;0;0
0000017275;39.45;3.90;-24.20;0;0
0000017299;39.45;3.80;-24.25;0;0
0000017301;39.40;3.75;-24.30;0;0
0000017301;39.40;3.75;-24.30;0;0
0000017318;39.45;3.75;-24.30;0;0
0000017343;39.45;3.70;-24.40;0;0
0000017381;39.45;3.65;-24.40;0;0
0000017387;39.45;3.65;-24.50;0;0
0000017387;39.45;3.65;-24.60;0;0
0000017408;39.45;3.60;-24.60;0;0
0000017427;39.45;3.55;-24.60;0;0
0000017445;39.45;3.45;-24.65;0;0
0000017472;39.50;3.45;-24.65;0;0
0000017512;39.55;3.40;-24.75;0;0
0000017523;39.60;3.30;-24.80;0;0
0000017523;39.65;3.25;-24.85;0;0
0000017541;39.65;3.20;-24.85;0;0
0000017555;39.65;3.10;-24.95;0;0
0000017586;39.70;3.05;-25.05;0;0
0000017589;39.75;3.05;-25.05;0;0
0000017608;39.75;3.00;-25.10;0;0
0000017625;39.70;2.90;-25.20;0;0
0000017648;39.70;2.90;-25.30;0;0
0000017652;39.70;2.80;-25.40;0;0
0000017693;39.75;2.70;-25.40;0;0
0000017696;39.75;2.65;-25.50;0;0
0000017743;39.75;2.65;-25.60;0;0
0000017758;39.80;2.65;-25.65;0;0
0000017760;39.75;2.60;-25.70;0;0
0000017774;39.70;2.50;-25.75;0;0
0000017788;39.70;2.40;-25.75;0;0
0000017808;39.65;2.40;-25.80;0;0
0000017819;39.70;2.35;-25.80;0;0
0000017842;39.65;2.30;-25.85;0;0
0000017854;39.65;2.30;-25.95;0;0
0000017882;39.65;2.30;-26.05;0;0
0000017898;39.60;2.20;-26.10;0;0
0000017913;39.55;2.20;-26.20;0;0
0000017929;39.60;2.15;-26.25;0;0
0000017945;39.65;2.05;-26.30;0;0
0000017974;39.70;2.00;-26.40;0;0
0000017976;39.65;2.00;-26.45;0;0
0000017995;39.65;1.90;-26.55;0;0
0000018023;39.70;1.90;-26.60;0;0
0000018039;39.75;1.90;-26.60;0;0
0000018054;39.75;1.80;-26.65;0;0
0000018070;39.80;1.80;-26.75;0;0
0000018086;39.80;1.80;-26.85;0;1
0000018102;39.85;1.70;-26.90;0;1
0000018119;39.80;1.65;-26.90;0;1
0000018179;39.85;1.60;-26.95;0;1
0000018183;39.90;1.50;-27.05;0;1
0000018183;39.90;1.45;-27.05;0;1
0000018197;39.95;1.45;-27.10;0;1
0000018220;39.90;1.35;-27.20;0;1
0000018259;39.85;1.35;-27.25;0;1
0000018277;39.90;1.30;-27.30;0;1
0000018285;39.90;1.20;-27.30;0;1
0000018293;39.90;1.20;-27.35;0;1
0000018309;39.95;1.15;-27.40;0;1
0000018330;39.95;1.15;-27.40;0;1
0000018358;39.95;1.10;-27.45;0;1
0000018391;39.95;1.05;-27.55;0;1
0000018397;39.95;1.00;-27.55;0;1
0000018409;40.00;0.95;-27.60;0;1
0000018417;39.95;0.95;-27.60;0;1
0000018441;39.90;0.90;-27.70;0;1
0000018467;39.90;0.85;-27.80;0;1
0000018467;39.90;0.85;-27.85;0;1
0000018489;39.90;0.80;-27.85;0;1
0000018509;39.85;0.75;-27.90;0;1
0000018525;39.90;0.70;-27.95;0;1
0000018543;39.95;0.65;-28.00;0;1
0000018563;39.95;0.65;-28.05;0;1
0000018568;39.90;0.60;-28.15;0;1
0000018592;39.85;0.55;-28.20;0;1
0000018604;39.85;0.55;-28.20;0;1
0000018626;39.85;0.50;-28.25;0;1
0000018641;39.80;0.50;-28.35;0;1
0000018666;39.85;0.45;-28.45;0;1
0000018673;39.85;0.40;-28.55;0;1
0000018692;39.90;0.35;-28.55;0;1
0000018722;39.95;0.30;-28.55;0;1
0000018724;39.90;0.25;-28.55;0;1
0000018747;39.90;0.20;-28.65;0;1
0000018775;39.85;0.15;-28.75;0;1
0000018793;39.80;0.10;-28.80;0;1
0000018795;39.80;0.05;-28.85;0;1
0000018829;39.80;0.00;-28.95;0;1
0000018836;39.75;-0.05;-28.95;0;1
0000018840;39.75;-0.05;-29.00;0;1
0000018874;39.75;-0.10;-29.05;0;1
0000018891;39.75;-0.15;-29.10;0;1
0000018900;39.75;-0.25;-29.15;0;1
0000018910;39.75;-0.30;-29.20;0;1
0000018924;39.80;-0.35;-29.30;0;1
0000018934;39.85;-0.45;-29.35;0;1
0000018966;39.80;-0.50;-29.45;0;1
0000018966;39.80;-0.60;-29.50;0;1
0000019001;39.75;-0.60;-29.50;0;1
0000019013;39.80;-0.70;-29.55;0;1
0000019031;39.80;-0.75;-29.65;0;1
0000019052;39.80;-0.80;-29.70;0;1
0000019076;39.80;-0.90;-29.75;0;1
0000019086;39.80;-0.95;-29.80;0;1
0000019092;39.75;-1.05;-29.90;0;1
0000019114;39.80;-1.05;-30.00;0;1
0000019133;39.80;-1.05;-30.05;0;1
0000019157;39.75;-1.15;-30.10;0;1
0000019195;39.75;-1.20;-30.10;0;1
0000019202;39.75;-1.25;-30.10;0;1
0000019202;39.70;-1.35;-30.10;0;1
0000019202;39.70;-1.40;-30.10;0;1
0000019242;39.75;-1.45;-30.10;0;1
0000019266;39.75;-1.50;-30.10;0;1
0000019266;39.75;-1.50;-30.20;0;1
0000019284;39.75;-1.55;-30.30;0;1
0000019309;39.75;-1.65;-30.40;0;1
0000019322;39.75;-1.70;-30.45;0;1
0000019349;39.75;-1.75;-30.55;0;1
0000019353;39.75;-1.80;-30.60;0;1
0000019394;39.75;-1.80;-30.60;0;1
0000019406;39.75;-1.85;-30.65;0;1
0000019406;39.80;-1.85;-30.75;0;1
0000019433;39.80;-1.90;-30.80;0;1
0000019435;39.80;-2.00;-30.90;0;1
0000019442;39.75;-2.10;-30.95;0;1
0000019481;39.70;-2.15;-31.00;0;1
0000019488;39.75;-2.15;-31.00;0;1
0000019508;39.70;-2.20;-31.05;0;1
0000019521;39.70;-2.25;-31.15;0;1
0000019543;39.70;-2.30;-31.15;0;1
0000019568;39.75;-2.30;-31.25;0;1
0000019572;39.80;-2.30;-31.30;0;1
0000019584;39.85;-2.40;-31.40;0;1
0000019605;39.85;-2.45;-31.45;0;1
0000019624;39.90;-2.55;-31.45;0;1
0000019642;39.90;-2.60;-31.55;0;1
0000019668;39.90;-2.70;-31.65;0;1
0000019678;39.90;-2.75;-31.65;0;1
0000019700;39.85;-2.80;-31.75;0;1
0000019709;39.85;-2.90;-31.80;0;1
0000019725;39.90;-2.90;-31.90;0;1
0000019750;39.95;-2.95;-31.95;0;1
0000019756;40.00;-3.05;-31.95;0;1
0000019778;39.95;-3.05;-32.00;0;1
0000019809;39.95;-3.10;-32.10;0;1
0000019821;40.00;-3.15;-32.10;0;1
0000019821;40.00;-3.25;-32.15;0;1
0000019854;40.05;-3.30;-32.20;0;1
0000019882;40.05;-3.35;-32.25;0;1
0000019897;40.05;-3.40;-32.35;0;1
0000019903;40.05;-3.45;-32.35;0;1
0000019917;40.05;-3.45;-32.35;0;1
0000019937;40.05;-3.55;-32.40;0;1
0000019957;40.05;-3.60;-32.45;0;1
0000019994;40.00;-3.60;-32.50;0;1
0000020002;40.00;-3.70;-32.55;0;1
0000020002;40.00;-3.80;-32.60;0;1
0000020031;39.95;-3.90;-32.70;0;1
0000020041;39.95;-3.95;-32.70;0;1
0000020055;40.00;-4.00;-32.75;0;1
0000020101;39.95;-4.10;-32.75;0;1
0000020107;39.95;-4.15;-32.75;0;1
0000020109;39.95;-4.25;-32.75;0;1
0000020147;39.95;-4.30;-32.80;0;1
0000020155;39.90;-4.30;-32.90;0;1
0000020155;39.95;-4.40;-32.95;0;1
0000020202;40.00;-4.45;-32.95;0;1
0000020213;40.00;-4.50;-32.95;0;1
0000020227;40.05;-4.60;-32.95;0;1
0000020229;40.05;-4.60;-33.00;0;1
0000020240;40.05;-4.70;-33.05;0;1
0000020300;40.05;-4.80;-33.10;0;1
0000020308;40.10;-4.90;-33.15;0;1
0000020312;40.15;-4.95;-33.15;0;1
0000020324;40.15;-5.00;-33.15;0;1
0000020325;40.15;-5.05;-33.20;0;1
0000020339;40.20;-5.10;-33.30;0;1
0000020371;40.15;-5.10;-33.30;0;1
0000020376;40.15;-5.10;-33.40;0;1
0000020403;40.10;-5.10;-33.40;0;1
0000020411;40.15;-5.15;-33.45;0;1
0000020427;40.20;-5.20;-33.45;0;1
0000020457;40.25;-5.20;-33.55;0;0
0000020477;40.25;-5.30;-33.60;0;0
0000020484;40.20;-5.35;-33.70;0;0
0000020505;40.15;-5.45;-33.75;0;0
0000020505;40.15;-5.55;-33.75;0;0
0000020555;40.15;-5.55;-33.75;0;0
0000020571;40.15;-5.55;-33.85;0;0
0000020571;40.10;-5.60;-33.95;0;0
0000020583;40.10;-5.65;-34.00;0;0
0000020607;40.05;-5.65;-34.05;0;0
0000020641;40.05;-5.70;-34.05;0;0
0000020643;40.05;-5.80;-34.10;0;0
0000020659;40.00;-5.90;-34.10;0;0
0000020686;39.95;-5.95;-34.20;0;0
0000020686;39.95;-6.05;-34.25;0;0
0000020709;39.90;-6.10;-34.35;0;0
0000020732;39.90;-6.10;-34.40;0;0
0000020736;39.90;-6.20;-34.50;0;0
0000020761;39.90;-6.30;-34.55;0;0
0000020787;39.90;-6.30;-34.60;0;0
0000020787;39.95;-6.35;-34.65;0;0
0000020809;39.95;-6.45;-34.70;0;0
0000020835;40.00;-6.50;-34.75;0;0
0000020837;40.00;-6.55;-34.85;0;0
0000020850;40.05;-6.65;-34.90;0;0
0000020886;40.00;-6.75;-34.90;0;0
0000020892;40.00;-6.85;-34.95;0;0
0000020910;40.05;-6.90;-35.00;0;0
0000020929;40.10;-6.95;-35.00;0;0
0000020935;40.15;-6.95;-35.05;0;0
0000020954;40.10;-7.00;-35.05;0;0
0000020979;40.10;-7.05;-35.10;0;0
0000020994;40.10;-7.10;-35.10;0;0
0000021024;40.10;-7.15;-35.20;0;0
0000021047;40.05;-7.25;-35.20;0;0
0000021049;40.05;-7.30;-35.25;0;0
0000021059;40.05;-7.35;-35.35;0;0
0000021084;40.00;-7.45;-35.45;0;0
0000021094;40.00;-7.55;-35.50;0;0
0000021111;39.95;-7.60;-35.50;0;0
0000021135;39.95;-7.60;-35.55;0;0
0000021169;39.95;-7.65;-35.60;0;0
0000021171;40.00;-7.65;-35.70;0;0
0000021182;40.05;-7.75;-35.80;0;0
0000021206;40.05;-7.80;-35.85;0;0
0000021231;40.00;-7.85;-35.90;0;0
0000021233;40.00;-7.90;-35.95;0;0
0000021262;40.00;-7.95;-36.05;0;0
0000021264;39.95;-8.00;-36.05;0;0
0000021292;40.00;-8.05;-36.05;0;0
0000021308;40.00;-8.10;-36.15;0;0
0000021336;40.00;-8.20;-36.20;0;0
0000021342;40.05;-8.25;-36.30;0;0
0000021369;40.00;-8.35;-36.35;0;0
0000021371;39.95;-8.45;-36.35;0;0
0000021397;39.95;-8.50;-36.40;0;0
0000021397;39.95;-8.50;-36.50;0;0
0000021418;40.00;-8.60;-36.50;0;0
0000021448;40.00;-8.70;-36.60;0;0
0000021456;40.00;-8.75;-36.60;0;0
0000021500;40.00;-8.80;-36.65;0;0
0000021505;40.00;-8.80;-36.75;0;0
0000021509;40.05;-8.90;-36.75;0;0
0000021535;40.00;-8.90;-36.80;0;0
0000021542;40.00;-8.90;-36.85;0;0
0000021552;39.95;-8.90;-36.90;0;0
0000021586;40.00;-8.95;-36.95;0;0
0000021616;39.95;-9.05;-37.00;0;0
0000021622;40.00;-9.15;-37.00;0;0
0000021627;40.00;-9.15;-37.05;0;0
0000021640;40.00;-9.20;-37.10;0;0
0000021666;40.00;-9.25;-37.20;0;0
0000021674;39.95;-9.25;-37.30;0;0
0000021692;39.90;-9.25;-37.35;0;0
0000021704;39.95;-9.30;-37.40;0;0
0000021735;40.00;-9.35;-37.45;0;0
0000021743;40.05;-9.45;-37.50;0;0
0000021774;40.00;-9.50;-37.50;0;0
0000021790;40.05;-9.50;-37.55;0;0
0000021790;40.05;-9.55;-37.55;0;0
0000021806;40.10;-9.45;-37.55;0;0
0000021822;40.10;-9.30;-37.65;0;0
0000021854;40.10;-9.20;-37.70;0;0
0000021870;40.15;-9.00;-37.80;0;0
0000021886;40.20;-8.85;-37.80;0;0
0000021886;40.25;-8.70;-37.90;0;0
0000021917;40.30;-8.55;-37.90;0;0
0000021933;40.30;-8.40;-37.95;0;0
0000021967;40.30;-8.20;-37.95;0;0
0000021967;40.35;-8.05;-38.05;0;0
0000021981;40.35;-7.90;-38.05;0;0
0000021999;40.35;-7.80;-38.15;0;0
0000022020;40.40;-7.60;-38.25;0;0
0000022028;40.35;-7.45;-38.25;0;0
0000022048;40.30;-7.35;-38.30;0;0
0000022062;40.35;-7.25;-38.35;0;0
0000022076;40.35;-7.10;-38.40;0;0
0000022107;40.35;-6.95;-38.50;0;0
0000022125;40.30;-6.80;-38.55;0;0
0000022138;40.30;-6.65;-38.65;0;0
0000022156;40.30;-6.50;-38.65;0;0
0000022170;40.30;-6.35;-38.70;0;0
0000022193;40.35;-6.15;-38.70;0;0
0000022209;40.40;-5.95;-38.70;0;0
0000022226;40.35;-5.75;-38.75;0;0
0000022245;40.35;-5.65;-38.80;0;0
0000022262;40.40;-5.50;-38.85;0;0
0000022290;40.45;-5.40;-38.85;0;0
0000022293;40.50;-5.30;-38.85;0;0
0000022307;40.50;-5.15;-38.90;0;0
0000022337;40.45;-5.00;-38.90;0;0
0000022341;40.45;-4.85;-38.90;0;0
0000022358;40.45;-4.65;-38.95;0;0
0000022383;40.45;-4.55;-39.00;0;0
0000022391;40.45;-4.40;-39.05;0;0
0000022408;40.50;-4.25;-39.15;0;0
0000022434;40.55;-4.05;-39.20;0;0
0000022441;40.50;-3.95;-39.30;0;0
0000022478;40.45;-3.75;-39.35;0;0
0000022483;40.45;-3.55;-39.45;0;0
0000022489;40.40;-3.45;-39.50;0;0
0000022520;40.40;-3.35;-39.55;0;0
0000022548;40.45;-3.15;-39.60;0;0
0000022554;40.45;-2.95;-39.60;0;0
0000022554;40.50;-2.80;-39.70;0;0
0000022568;40.50;-2.60;-39.70;0;0
0000022594;40.55;-2.45;-39.80;0;0
0000022624;40.60;-2.35;-39.80;0;0
0000022653;40.55;-2.20;-39.90;0;0
0000022657;40.60;-2.10;-39.95;0;0
0000022673;40.55;-1.90;-40.00;0;0
0000022684;40.60;-1.75;-40.10;0;0
0000022715;40.65;-1.60;-40.15;0;0
0000022723;40.60;-1.50;-40.25;0;0
0000022742;40.55;-1.40;-40.30;0;0
0000022759;40.50;-1.25;-40.35;0;0
0000022784;40.50;-1.15;-40.45;0;0
0000022793;40.50;-1.00;-40.45;0;0
0000022812;40.55;-0.85;-40.45;0;0
0000022840;40.60;-0.65;-40.50;0;0
0000022842;40.55;-0.50;-40.50;0;0
0000022851;40.60;-0.30;-40.60;0;0
0000022889;40.65;-0.15;-40.65;0;0
0000022895;40.60;0.00;-40.65;0;0
0000022908;40.60;0.20;-40.70;0;0
0000022921;40.60;0.30;-40.70;0;0
0000022942;40.60;0.50;-40.70;0;0
0000022962;40.55;0.65;-40.75;0;0
0000022998;40.50;0.80;-40.75;0;0
0000023002;40.50;1.00;-40.85;0;0
0000023006;40.50;1.15;-40.90;0;0
0000023027;40.55;1.30;-41.00;0;0
0000023043;40.55;1.45;-41.10;0;0
0000023059;40.55;1.65;-41.15;0;0
0000023075;40.60;1.80;-41.15;0;0
0000023092;40.55;1.95;-41.20;0;0
0000023108;40.55;2.10;-41.20;0;0
0000023126;40.55;2.25;-41.30;0;0
0000023136;40.55;2.40;-41.35;0;0
0000023151;40.50;2.60;-41.40;0;0
0000023170;40.50;2.80;-41.50;0;0
0000023196;40.55;2.90;-41.55;0;0
0000023200;40.50;3.05;-41.65;0;0
0000023234;40.50;3.25;-41.75;0;0
0000023265;40.50;3.45;-41.85;0;0
0000023265;40.55;3.65;-41.95;0;0
0000023293;40.60;3.80;-42.05;0;0
0000023321;40.60;3.95;-42.05;0;0
0000023321;40.60;4.10;-42.10;0;0
0000023343;40.65;4.25;-42.10;0;0
0000023377;40.65;4.40;-42.15;0;0
0000023402;40.65;4.55;-42.20;0;0
0000023408;40.70;4.65;-42.20;0;0
0000023410;40.75;4.75;-42.20;0;0
0000023428;40.75;4.95;-42.25;0;0
0000023452;40.75;5.10;-42.30;0;0
0000023454;40.75;5.25;-42.35;0;0
0000023481;40.70;5.35;-42.40;0;0
0000023494;40.75;5.55;-42.50;0;0
0000023508;40.75;5.65;-42.60;0;0
0000023520;40.70;5.85;-42.70;0;0
0000023557;40.70;6.05;-42.70;0;0
0000023580;40.75;6.20;-42.75;0;0
0000023580;40.75;6.40;-42.85;0;0
0000023586;40.75;6.55;-42.90;0;0
0000023611;40.80;6.65;-42.95;0;0
0000023634;40.80;6.80;-43.05;0;0
0000023638;40.80;6.95;-43.10;0;0
0000023658;40.75;7.10;-43.20;0;0
0000023682;40.75;7.20;-43.20;0;0
0000023682;40.70;7.35;-43.20;0;0
0000023701;40.75;7.45;-43.20;0;0
0000023743;40.80;7.65;-43.30;0;0
0000023745;40.80;7.75;-43.30;0;0
0000023761;40.80;7.85;-43.35;0;0
0000023793;40.85;8.05;-43.40;0;0
0000023793;40.90;8.20;-43.45;0;0
0000023808;40.90;8.35;-43.50;0;0
0000023849;40.85;8.45;-43.60;0;0
0000023855;40.85;8.60;-43.70;0;0
0000023861;40.80;8.75;-43.75;0;0
0000023871;40.85;8.85;-43.70;0;0
0000023895;40.80;9.00;-43.70;0;0
0000023921;40.75;9.10;-43.70;0;0
0000023941;40.75;9.25;-43.75;0;0
0000023966;40.75;9.40;-43.70;0;0
0000023966;40.75;9.60;-43.70;0;0
0000023994;40.80;9.60;-43.70;0;0
0000024015;40.85;9.60;-43.75;0;0
0000024029;40.85;9.55;-43.70;0;0
0000024039;40.90;9.45;-43.70;0;0
0000024049;40.95;9.35;-43.70;0;0
0000024083;40.95;9.25;-43.75;0;0
0000024089;40.95;9.25;-43.70;0;0
0000024130;40.95;9.25;-43.70;0;0
0000024139;40.90;9.20;-43.70;0;0
0000024139;40.90;9.20;-43.75;0;0
0000024181;40.95;9.15;-43.80;0;0
0000024195;41.00;9.10;-43.85;0;0
0000024208;41.00;9.05;-43.90;0;0
0000024214;41.00;9.00;-43.85;0;0
0000024236;40.95;9.00;-43.85;1;0
0000024242;41.00;8.90;-43.85;1;0
0000024267;41.00;8.80;-43.85;1;0
0000024275;40.95;8.70;-43.90;1;0
0000024293;40.90;8.60;-43.85;1;0
0000024315;40.90;8.55;-43.90;1;0
0000024329;40.90;8.45;-43.90;1;0
0000024354;40.90;8.40;-43.90;1;0
0000024360;40.85;8.30;-43.95;1;0
0000024395;40.85;8.20;-43.90;1;0
0000024406;40.80;8.15;-43.95;1;0
0000024462;40.80;8.10;-43.90;1;0
0000024476;40.85;8.05;-43.90;1;1
0000024488;40.80;8.00;-43.95;1;1
0000024490;40.80;7.95;-43.95;1;1
0000024528;40.80;7.90;-44.00;1;1
0000024548;40.85;7.80;-44.05;1;1
0000024553;40.85;7.75;-44.05;1;1
0000024559;40.80;7.70;-44.05;1;1
0000024605;40.85;7.60;-44.05;1;1
0000024611;40.90;7.60;-44.10;1;1
0000024656;40.90;7.50;-44.05;1;1
0000024656;40.85;7.50;-44.00;1;1
0000024680;40.85;7.45;-43.95;1;1
0000024699;40.80;7.35;-44.00;1;1
0000024699;40.80;7.25;-44.00;1;1
0000024734;40.80;7.20;-44.00;1;1
0000024740;40.75;7.15;-44.00;1;1
0000024775;40.80;7.10;-43.95;1;1
0000024797;40.80;7.10;-43.95;1;1
0000024807;40.75;7.00;-44.00;1;1
0000024829;40.80;6.90;-44.00;1;1
0000024839;40.85;6.80;-44.00;1;1
0000024855;40.85;6.75;-44.05;1;1
0000024881;40.85;6.65;-44.05;1;1
0000024902;40.85;6.55;-44.05;1;1
0000024918;40.80;6.50;-44.05;1;1
0000024934;40.75;6.45;-44.10;1;1
0000024949;40.70;6.45;-44.15;1;1
0000024981;40.70;6.40;-44.20;1;1
0000024999;40.70;6.35;-44.20;1;1
0000025023;40.70;6.30;-44.25;1;1
0000025029;40.70;6.25;-44.30;1;1
0000025060;40.75;6.25;-44.25;1;1
0000025076;40.80;6.20;-44.20;1;1
0000025108;40.80;6.15;-44.20;1;1
0000025123;40.80;6.15;-44.15;1;1
0000025139;40.85;6.15;-44.10;1;1
0000025161;40.85;6.10;-44.15;1;1
0000025189;40.85;6.05;-44.15;1;1
0000025202;40.85;6.00;-44.15;1;1
0000025250;40.80;5.95;-44.10;1;1
0000025251;40.80;5.85;-44.05;1;1
0000025251;40.80;5.85;-44.10;1;1
0000025300;40.80;5.85;-44.10;1;1
0000025300;40.80;5.80;-44.10;1;1
0000025322;40.80;5.75;-44.10;1;1
0000025351;40.80;5.70;-44.10;1;1
0000025381;40.75;5.65;-44.15;1;1
0000025383;40.80;5.55;-44.10;1;1
0000025397;40.75;5.50;-44.15;1;1
0000025433;40.70;5.45;-44.10;1;1
0000025445;40.65;5.45;-44.10;1;1
0000025468;40.65;5.35;-44.10;1;1
0000025490;40.65;5.35;-44.10;1;1
0000025498;40.65;5.25;-44.05;1;1
0000025531;40.70;5.20;-44.10;1;1
0000025539;40.65;5.10;-44.15;1;1
0000025575;40.65;5.10;-44.15;1;1
0000025586;40.65;5.05;-44.20;1;1
0000025605;40.65;4.95;-44.25;1;1
0000025628;40.65;4.85;-44.30;1;1
0000025656;40.70;4.80;-44.35;1;1
0000025674;40.70;4.75;-44.35;1;1
0000025712;40.75;4.70;-44.35;1;1
0000025723;40.70;4.70;-44.35;1;1
0000025723;40.75;4.60;-44.40;1;1
0000025759;40.80;4.55;-44.40;1;1
0000025787;40.85;4.50;-44.35;1;1
0000025793;40.85;4.40;-44.35;1;1
0000025807;40.80;4.35;-44.40;1;1
0000025839;40.80;4.30;-44.35;1;1
0000025845;40.75;4.30;-44.35;1;1
0000025870;40.80;4.25;-44.30;1;1
0000025907;40.80;4.15;-44.30;1;1
0000025919;40.75;4.15;-44.30;1;1
0000025919;40.80;4.05;-44.35;1;1
0000025960;40.75;3.95;-44.40;1;1
0000025984;40.75;3.90;-44.40;1;1
0000026002;40.75;3.85;-44.45;1;1
0000026004;40.70;3.85;-44.40;1;1
0000026048;40.75;3.80;-44.40;1;1
0000026050;40.80;3.70;-44.45;1;1
0000026103;40.75;3.60;-44.40;1;1
0000026112;40.80;3.50;-44.35;1;1
0000026126;40.75;3.50;-44.35;1;1
0000026139;40.75;3.40;-44.30;1;1
0000026143;40.70;3.35;-44.25;1;1
0000026174;40.70;3.30;-44.20;1;1
0000026199;40.75;3.25;-44.25;1;1
0000026206;40.70;3.15;-44.25;1;1
0000026237;40.75;3.10;-44.30;1;1
0000026265;40.70;3.05;-44.25;1;1
0000026273;40.75;3.00;-44.25;1;1
0000026295;40.75;3.00;-44.25;1;1
0000026307;40.75;2.95;-44.20;1;1
0000026333;40.70;2.95;-44.20;1;1
0000026352;40.75;2.85;-44.15;1;1
0000026365;40.70;2.80;-44.20;1;1
0000026397;40.65;2.75;-44.20;1;1
0000026416;40.65;2.70;-44.15;1;1
0000026426;40.70;2.70;-44.20;1;1
0000026462;40.75;2.65;-44.20;1;1
0000026480;40.75;2.60;-44.20;1;1
0000026480;40.80;2.60;-44.20;0;1
0000026514;40.75;2.55;-44.20;0;1
0000026522;40.75;2.45;-44.20;0;1
0000026560;40.75;2.40;-44.15;0;1
0000026591;40.75;2.35;-44.10;0;1
0000026593;40.70;2.30;-44.10;0;1
0000026617;40.70;2.20;-44.05;0;1
0000026621;40.70;2.20;-44.10;0;1
0000026633;40.70;2.20;-44.10;0;1
0000026702;40.65;2.15;-44.15;0;1
0000026702;40.65;2.15;-44.15;0;1
0000026702;40.65;2.15;-44.10;0;1
0000026728;40.70;2.10;-44.10;0;1
0000026746;40.65;2.05;-44.05;0;0
0000026776;40.70;2.05;-44.10;0;0
0000026792;40.70;2.00;-44.05;0;0
0000026808;40.70;1.95;-44.00;0;0
0000026847;40.70;1.95;-44.00;0;0
0000026857;40.65;1.95;-43.95;0;0
0000026857;40.65;1.90;-43.95;0;0
0000026887;40.70;1.85;-43.95;0;0
0000026902;40.65;1.80;-43.95;0;0
0000026918;40.65;1.75;-44.00;0;0
0000026936;40.65;1.70;-44.00;0;0
0000026966;40.70;1.70;-44.00;0;0
0000026981;40.65;1.65;-44.05;0;0
0000027015;40.70;1.55;-44.00;0;0
0000027029;40.75;1.50;-44.00;0;0
0000027045;40.80;1.45;-44.00;0;0
0000027076;40.80;1.45;-44.00;0;0
0000027092;40.75;1.45;-44.00;0;0
0000027095;40.75;1.35;-44.05;0;0
0000027124;40.75;1.25;-44.05;0;0
0000027140;40.75;1.20;-44.05;0;0
0000027180;40.80;1.20;-44.05;0;0
0000027187;40.80;1.20;-44.10;0;0
0000027202;40.80;1.10;-44.10;0;0
0000027227;40.85;1.05;-44.05;0;0
0000027261;40.80;0.95;-44.00;0;0
0000027289;40.75;0.95;-43.95;0;0
0000027291;40.70;0.85;-44.00;0;0
0000027312;40.65;0.85;-44.05;0;0
0000027339;40.60;0.85;-44.05;0;0
0000027347;40.60;0.80;-44.05;0;0
0000027369;40.60;0.75;-44.05;0;0
0000027405;40.60;0.75;-44.05;0;0
0000027409;40.60;0.65;-44.05;0;0
0000027429;40.65;0.55;-44.05;0;0
0000027462;40.70;0.45;-44.05;0;0
0000027468;40.70;0.35;-44.00;0;0
0000027495;40.65;0.25;-43.95;0;0
0000027508;40.65;0.15;-44.00;0;0
0000027537;40.60;0.05;-44.00;0;0
0000027559;40.60;0.05;-44.05;0;0
0000027586;40.60;-0.05;-44.05;0;0
0000027588;40.55;-0.05;-44.10;0;0
0000027602;40.50;-0.15;-44.05;0;0
0000027638;40.45;-0.25;-44.10;0;0
0000027655;40.40;-0.30;-44.05;0;0
0000027697;40.40;-0.40;-44.10;0;0
0000027716;40.40;-0.50;-44.10;0;0
0000027720;40.45;-0.60;-44.10;0;0
0000027728;40.45;-0.70;-44.15;0;0
0000027759;40.50;-0.70;-44.10;0;0
0000027785;40.50;-0.70;-44.10;0;0
0000027788;40.45;-0.80;-44.15;0;0
0000027809;40.45;-0.85;-44.20;0;0
0000027825;40.50;-0.85;-44.25;0;0
0000027843;40.55;-0.85;-44.30;0;0
0000027887;40.60;-0.90;-44.30;0;0
0000027891;40.65;-1.00;-44.30;0;0
0000027923;40.65;-1.10;-44.30;0;0
0000027952;40.70;-1.10;-44.35;0;0
0000027957;40.75;-1.10;-44.40;0;0
0000027976;40.75;-1.15;-44.40;0;0
0000027986;40.70;-1.20;-44.45;0;0
0000028012;40.70;-1.25;-44.45;0;0
0000028032;40.70;-1.30;-44.40;0;0
0000028060;40.70;-1.30;-44.45;0;0
0000028092;40.70;-1.35;-44.45;0;0
0000028092;40.70;-1.40;-44.50;0;0
0000028116;40.70;-1.40;-44.55;0;0
0000028146;40.65;-1.45;-44.55;0;0
0000028168;40.65;-1.50;-44.55;0;0
0000028175;40.70;-1.55;-44.50;0;0
0000028205;40.75;-1.65;-44.55;0;0
0000028239;40.80;-1.75;-44.50;0;0
0000028247;40.80;-1.80;-44.45;0;0
0000028269;40.80;-1.85;-44.50;0;0
0000028275;40.80;-1.90;-44.45;0;0
0000028303;40.75;-1.95;-44.50;0;0
0000028307;40.75;-2.00;-44.55;0;0
0000028358;40.70;-2.05;-44.55;0;0
0000028365;40.70;-2.05;-44.50;0;0
0000028387;40.75;-2.05;-44.50;0;0
0000028387;40.75;-2.15;-44.50;0;0
0000028407;40.80;-2.20;-44.45;0;0
0000028431;40.80;-2.20;-44.45;0;0
0000028487;40.80;-2.30;-44.45;0;0
0000028489;40.80;-2.35;-44.45;0;0
0000028491;40.85;-2.40;-44.45;0;0
0000028522;40.80;-2.45;-44.45;0;0
0000028528;40.75;-2.50;-44.45;0;0
0000028583;40.80;-2.55;-44.45;0;0
0000028591;40.85;-2.65;-44.45;0;0
0000028593;40.85;-2.70;-44.45;0;0
0000028621;40.90;-2.70;-44.50;0;0
0000028629;40.95;-2.75;-44.55;0;0
0000028672;40.95;-2.80;-44.55;0;0
0000028676;41.00;-2.90;-44.60;0;0
0000028720;41.05;-3.00;-44.65;0;0
0000028726;41.05;-3.05;-44.65;0;0
0000028728;41.00;-3.10;-44.65;0;0
0000028750;41.05;-3.20;-44.65;0;0
0000028776;41.00;-3.25;-44.60;0;0
0000028804;40.95;-3.25;-44.55;0;0
0000028809;41.00;-3.30;-44.50;0;0
0000028841;41.00;-3.35;-44.50;0;0
0000028868;40.95;-3.40;-44.50;0;0
0000028868;41.00;-3.50;-44.45;0;0
0000028907;41.05;-3.55;-44.40;0;0
0000028935;41.10;-3.60;-44.40;0;0
0000028941;41.10;-3.70;-44.40;0;0
0000028968;41.10;-3.80;-44.45;0;0
0000028970;41.05;-3.90;-44.50;0;0
0000028996;41.10;-4.00;-44.50;0;0
0000029020;41.10;-4.10;-44.50;0;0
0000029027;41.15;-4.15;-44.50;0;0
0000029047;41.15;-4.20;-44.45;0;0
0000029093;41.15;-4.25;-44.40;0;0
0000029101;41.20;-4.35;-44.40;0;0
0000029124;41.25;-4.45;-44.40;0;0
0000029150;41.20;-4.55;-44.40;0;0
0000029157;41.20;-4.60;-44.35;0;0
0000029185;41.20;-4.65;-44.40;0;0
0000029197;41.15;-4.75;-44.35;0;0
0000029224;41.20;-4.85;-44.30;0;0
0000029250;41.15;-4.85;-44.30;0;0
0000029258;41.15;-4.95;-44.35;0;0
0000029285;41.10;-5.00;-44.30;0;0
0000029289;41.10;-5.00;-44.25;0;0
0000029323;41.15;-5.05;-44.25;0;0
0000029328;41.20;-5.10;-44.30;0;0
0000029358;41.25;-5.15;-44.30;0;0
0000029386;41.30;-5.15;-44.30;0;0
0000029401;41.30;-5.25;-44.30;0;0
0000029411;41.25;-5.35;-44.35;0;0
0000029429;41.20;-5.35;-44.35;0;0
0000029475;41.20;-5.40;-44.30;0;0
0000029475;41.20;-5.45;-44.25;0;0
0000029475;41.20;-5.50;-44.30;0;0
0000029507;41.15;-5.55;-44.25;0;0
0000029538;41.15;-5.55;-44.20;0;0
0000029563;41.15;-5.60;-44.20;0;0
0000029574;41.15;-5.70;-44.25;0;0
0000029603;41.10;-5.75;-44.20;0;0
0000029613;41.10;-5.80;-44.15;0;0
0000029635;41.10;-5.90;-44.20;0;0
0000029662;41.05;-5.95;-44.15;0;0
0000029716;41.00;-6.05;-44.10;0;0
0000029720;41.05;-6.10;-44.10;0;0
0000029724;41.05;-6.15;-44.10;0;0
0000029724;41.00;-6.20;-44.10;0;0
0000029744;40.95;-6.30;-44.15;0;0
0000029774;41.00;-6.30;-44.10;0;0
0000029780;41.05;-6.35;-44.05;0;0
0000029800;41.00;-6.40;-44.10;0;0
0000029802;40.95;-6.50;-44.10;0;0
0000029821;40.95;-6.60;-44.05;0;0
0000029850;40.95;-6.60;-44.10;0;0
0000029852;40.90;-6.70;-44.10;0;0
0000029861;40.85;-6.70;-44.05;0;0
0000029888;40.85;-6.80;-44.05;0;0
0000029894;40.90;-6.85;-44.10;0;0
0000029927;40.95;-6.95;-44.10;0;0
0000029927;40.90;-7.00;-44.10;0;0
0000029950;40.95;-7.10;-44.10;0;0
0000029983;41.00;-7.15;-44.05;0;0
0000029985;41.00;-7.15;-44.05;0;0
0000029985;41.05;-7.20;-44.10;0;0
0000029997;41.05;-7.25;-44.05;0;0
0000030039;41.10;-7.35;-44.05;0;0
0000030045;41.15;-7.45;-44.00;0;0
0000030085;41.20;-7.50;-44.05;0;0
0000030096;41.15;-7.50;-44.10;0;0
0000030119;41.10;-7.50;-44.10;0;0
0000030124;41.15;-7.55;-44.10;0;0
0000030126;41.15;-7.55;-44.15;0;0
0000030156;41.15;-7.60;-44.15;0;0
0000030162;41.10;-7.70;-44.15;0;0
0000030188;41.05;-7.75;-44.20;0;0
0000030196;41.05;-7.75;-44.25;0;0
0000030227;41.00;-7.80;-44.25;0;0
0000030233;40.95;-7.90;-44.20;0;0
0000030263;41.00;-7.95;-44.20;0;0
0000030290;40.95;-7.95;-44.25;0;0
0000030299;40.90;-8.05;-44.30;0;0
