##########
# Исследование № 000010
# 2025-11-12 11:31:50
##########
0000000054;-39.10;-6.00;-36.80;0;0
0000000058;-39.15;-5.95;-37.00;0;0
0000000072;-39.15;-6.00;-37.15;0;0
0000000089;-39.15;-6.00;-37.30;0;0
0000000109;-39.15;-6.00;-37.50;0;0
0000000134;-39.20;-6.00;-37.65;0;0
0000000145;-39.25;-6.00;-37.85;0;1
0000000191;-39.30;-5.95;-38.05;0;1
0000000223;-39.35;-5.90;-38.55;0;1
0000000240;-39.40;-5.90;-38.65;0;1
0000000255;-39.45;-5.90;-38.85;0;1
0000000286;-39.45;-5.90;-39.05;0;1
0000000318;-39.50;-5.90;-39.35;0;1
0000000336;-39.55;-5.90;-39.45;0;1
0000000350;-39.60;-5.85;-39.65;0;1
0000000378;-39.65;-5.85;-39.75;0;1
0000000418;-39.70;-5.90;-39.90;0;1
0000000431;-39.70;-5.85;-40.25;0;1
0000000445;-39.75;-5.80;-40.40;0;1
0000000474;-39.75;-5.85;-40.60;0;1
0000000503;-39.80;-5.90;-40.80;0;1
0000000511;-39.75;-5.90;-40.90;0;1
0000000531;-39.70;-5.95;-41.10;0;1
0000000552;-39.70;-5.95;-41.20;0;1
0000000568;-39.70;-5.95;-41.40;0;1
0000000572;-39.65;-5.90;-41.55;0;1
0000000606;-39.65;-5.90;-41.75;0;1
0000000622;-39.65;-5.85;-41.90;0;1
0000000652;-39.70;-5.90;-42.05;0;1
0000000668;-39.70;-5.90;-42.20;0;1
0000000683;-39.65;-5.95;-42.35;0;1
0000000704;-39.65;-5.90;-42.55;0;1
0000000723;-39.65;-5.85;-42.70;0;1
0000000731;-39.70;-5.80;-42.80;0;1
0000000753;-39.65;-5.85;-42.95;0;1
0000000792;-39.65;-5.80;-43.10;0;1
0000000804;-39.70;-5.75;-43.30;0;1
0000000811;-39.65;-5.80;-43.40;0;1
0000000833;-39.70;-5.80;-43.55;0;1
0000000849;-39.75;-5.80;-43.65;0;1
0000000875;-39.75;-5.80;-43.75;0;1
0000000895;-39.80;-5.85;-43.90;0;1
0000000907;-39.80;-5.85;-44.10;0;1
0000000939;-39.85;-5.80;-44.25;0;1
0000000972;-39.85;-5.70;-44.50;0;1
0000000988;-39.90;-5.75;-44.60;0;1
0000001006;-39.90;-5.75;-44.75;0;1
0000001023;-39.85;-5.75;-44.90;0;1
0000001034;-39.80;-5.70;-45.10;0;1
0000001068;-39.85;-5.75;-45.25;0;1
0000001088;-39.90;-5.80;-45.40;0;1
0000001101;-39.90;-5.80;-45.50;0;1
0000001115;-39.95;-5.80;-45.60;0;1
0000001129;-39.90;-5.75;-45.75;0;1
0000001146;-39.90;-5.75;-45.90;0;1
0000001176;-39.90;-5.75;-46.05;0;1
0000001206;-39.95;-5.75;-46.20;0;1
0000001233;-40.00;-5.80;-46.40;0;1
0000001244;-40.00;-5.75;-46.75;0;1
0000001272;-40.05;-5.75;-46.95;0;1
0000001287;-40.00;-5.70;-47.15;0;1
0000001308;-40.05;-5.65;-47.35;0;1
0000001320;-40.00;-5.65;-47.45;0;1
0000001357;-39.95;-5.60;-47.65;0;1
0000001367;-39.95;-5.60;-47.85;0;1
0000001384;-39.95;-5.60;-48.05;0;1
0000001401;-39.95;-5.55;-48.20;0;1
0000001417;-39.95;-5.55;-48.35;0;1
0000001430;-39.95;-5.50;-48.55;0;1
0000001462;-39.95;-5.50;-48.70;0;1
0000001505;-39.95;-5.50;-48.85;0;1
0000001509;-40.00;-5.50;-48.95;0;1
0000001538;-39.95;-5.55;-49.05;0;1
0000001541;-40.00;-5.55;-49.15;0;1
0000001557;-39.95;-5.60;-49.30;0;1
0000001579;-40.00;-5.60;-49.45;0;1
0000001607;-39.95;-5.60;-49.60;0;1
0000001609;-39.95;-5.65;-49.80;0;1
0000001640;-39.95;-5.60;-49.95;0;1
0000001652;-40.00;-5.55;-50.10;0;1
0000001677;-40.00;-5.50;-50.25;0;1
0000001690;-39.95;-5.45;-50.40;0;1
0000001727;-40.00;-5.50;-50.60;0;0
0000001732;-39.95;-5.50;-50.75;0;0
0000001747;-39.95;-5.55;-50.90;0;0
0000001790;-40.00;-5.60;-51.05;0;0
0000001805;-40.00;-5.55;-51.20;0;0
0000001813;-40.00;-5.55;-51.35;0;0
0000001828;-40.05;-5.50;-51.50;0;0
0000001841;-40.10;-5.55;-51.60;0;0
0000001872;-40.15;-5.55;-51.75;0;0
0000001887;-40.15;-5.50;-51.95;0;0
0000001906;-40.15;-5.50;-52.10;0;0
0000001915;-40.10;-5.45;-52.25;0;0
0000001932;-40.10;-5.50;-52.35;0;0
0000001955;-40.05;-5.50;-52.45;0;0
0000001970;-40.05;-5.45;-52.65;0;0
0000001988;-40.10;-5.45;-52.80;0;0
0000002005;-40.05;-5.45;-52.95;0;0
0000002023;-40.05;-5.40;-53.15;0;0
0000002053;-40.05;-5.45;-53.30;0;0
0000002058;-40.05;-5.40;-53.40;0;0
0000002073;-40.05;-5.35;-53.55;0;0
0000002104;-40.10;-5.40;-53.70;0;0
0000002120;-40.10;-5.40;-53.90;0;0
0000002145;-40.10;-5.35;-54.10;0;0
0000002150;-40.10;-5.30;-54.20;0;0
0000002165;-40.10;-5.30;-54.30;0;0
0000002189;-40.10;-5.25;-54.40;0;0
0000002202;-40.10;-5.25;-54.50;0;0
0000002221;-40.10;-5.30;-54.65;0;0
0000002237;-40.15;-5.25;-54.80;0;0
0000002256;-40.10;-5.30;-55.00;0;0
0000002271;-40.10;-5.25;-55.20;0;0
0000002290;-40.05;-5.25;-55.35;0;0
0000002326;-40.05;-5.25;-55.45;0;0
0000002342;-40.00;-5.20;-55.65;0;0
0000002349;-39.95;-5.15;-55.75;0;0
0000002364;-39.90;-5.10;-55.90;0;0
0000002383;-39.85;-5.10;-56.00;0;0
0000002396;-39.85;-5.05;-56.20;0;0
0000002441;-39.85;-5.10;-56.35;0;0
0000002447;-39.85;-5.05;-56.45;0;0
0000002472;-39.90;-5.05;-56.55;0;0
0000002499;-39.90;-5.05;-56.75;0;0
0000002520;-39.85;-5.00;-57.00;0;0
0000002538;-39.85;-5.00;-57.15;0;0
0000002546;-39.80;-5.00;-57.25;0;0
0000002569;-39.75;-5.00;-57.40;0;0
0000002585;-39.70;-5.00;-57.55;0;0
0000002601;-39.75;-5.00;-57.65;0;0
0000002620;-39.70;-5.00;-57.85;0;0
0000002636;-39.65;-5.05;-58.00;0;0
0000002655;-39.60;-5.05;-58.15;0;0
0000002670;-39.60;-5.00;-58.35;0;0
0000002691;-39.55;-5.00;-58.55;0;0
0000002706;-39.60;-4.95;-58.75;0;0
0000002734;-39.65;-4.90;-58.90;0;0
0000002759;-39.70;-4.90;-59.10;0;0
0000002766;-39.75;-4.95;-59.30;0;0
0000002785;-39.75;-4.90;-59.45;0;0
0000002804;-39.80;-4.90;-59.65;0;0
0000002819;-39.85;-4.90;-59.75;0;0
0000002840;-39.85;-4.90;-59.95;0;0
0000002855;-39.85;-4.90;-60.15;0;0
0000002872;-39.85;-4.95;-60.30;0;0
0000002891;-39.90;-4.95;-60.40;0;0
0000002907;-39.90;-4.90;-60.55;0;0
0000002922;-39.85;-4.85;-60.70;0;0
0000002953;-39.80;-4.90;-60.85;0;0
0000002962;-39.75;-4.95;-61.05;0;0
0000002991;-39.75;-4.95;-61.15;0;0
0000003003;-39.75;-4.95;-61.30;0;0
0000003044;-39.80;-4.95;-61.50;0;0
0000003057;-39.75;-4.95;-61.65;0;0
0000003059;-39.80;-4.95;-61.80;0;0
0000003070;-39.80;-4.95;-62.00;0;0
0000003090;-39.85;-4.95;-62.15;0;0
0000003110;-39.80;-5.00;-62.30;0;0
0000003124;-39.75;-5.00;-62.50;0;0
0000003139;-39.75;-4.95;-62.70;0;0
0000003155;-39.75;-4.95;-62.90;0;0
0000003170;-39.70;-4.95;-63.00;0;0
0000003196;-39.70;-5.00;-63.20;0;0
0000003203;-39.65;-5.00;-63.40;0;0
0000003234;-39.70;-5.00;-63.50;0;0
0000003258;-39.65;-5.05;-63.70;0;0
0000003270;-39.70;-5.00;-63.90;0;0
0000003285;-39.70;-5.00;-64.05;0;0
0000003321;-39.70;-5.00;-64.25;0;0
0000003339;-39.65;-5.00;-64.40;0;0
0000003344;-39.65;-5.05;-64.60;0;0
0000003355;-39.70;-5.00;-64.70;0;0
0000003375;-39.70;-5.00;-64.85;0;0
0000003407;-39.75;-5.00;-64.95;0;0
0000003423;-39.70;-5.00;-65.10;0;0
0000003455;-39.75;-5.00;-65.25;0;0
0000003472;-39.70;-5.00;-65.40;0;0
0000003479;-39.70;-5.00;-65.55;0;0
0000003480;-39.70;-5.00;-65.70;0;0
0000003506;-39.65;-4.95;-65.80;0;0
0000003518;-39.65;-4.90;-65.95;0;0
0000003543;-39.65;-4.90;-66.10;0;0
0000003558;-39.65;-4.95;-66.20;0;0
0000003569;-39.65;-4.95;-66.40;0;0
0000003593;-39.70;-4.95;-66.55;0;0
0000003617;-39.75;-5.00;-66.65;0;0
0000003655;-39.70;-5.05;-66.85;0;0
0000003674;-39.70;-5.10;-67.00;0;0
0000003686;-39.75;-5.10;-67.15;0;0
0000003691;-39.75;-5.05;-67.30;1;0
0000003705;-39.70;-5.00;-67.40;1;0
0000003717;-39.70;-5.00;-67.55;1;0
0000003740;-39.75;-5.00;-67.70;1;0
0000003759;-39.75;-5.05;-67.90;1;0
0000003787;-39.70;-5.00;-68.00;1;0
0000003809;-39.70;-4.95;-68.20;1;0
0000003819;-39.75;-4.90;-68.35;1;0
0000003827;-39.75;-4.95;-68.55;1;0
0000003849;-39.80;-4.90;-68.70;1;0
0000003858;-39.85;-4.95;-68.90;1;0
0000003889;-39.90;-4.95;-69.05;1;0
0000003902;-39.85;-5.00;-69.20;1;0
0000003926;-39.85;-5.00;-69.35;1;0
0000003936;-39.90;-5.00;-69.45;1;0
0000003962;-39.95;-5.00;-69.65;1;0
0000003971;-40.00;-5.05;-69.80;1;0
0000003991;-40.05;-5.05;-69.95;1;0
0000004009;-40.05;-5.10;-70.10;1;0
0000004025;-40.05;-5.10;-70.30;1;0
0000004045;-40.00;-5.10;-70.40;1;0
0000004072;-40.00;-5.15;-70.55;1;0
0000004092;-39.95;-5.15;-70.70;1;0
0000004104;-39.95;-5.15;-70.90;1;0
0000004126;-39.95;-5.20;-71.10;1;0
0000004164;-39.95;-5.15;-71.25;1;0
0000004168;-40.00;-5.15;-71.45;1;0
0000004170;-39.95;-5.20;-71.60;1;0
0000004205;-40.00;-5.25;-71.75;1;0
0000004210;-40.00;-5.30;-71.95;1;0
0000004221;-40.05;-5.35;-72.15;1;0
0000004244;-40.10;-5.30;-72.15;1;0
0000004263;-40.10;-5.25;-72.10;1;0
0000004281;-40.05;-5.30;-72.10;1;0
0000004310;-40.05;-5.25;-72.05;1;0
0000004318;-40.05;-5.20;-71.95;1;0
0000004343;-40.05;-5.25;-71.95;1;0
0000004352;-40.10;-5.25;-71.85;1;0
0000004369;-40.05;-5.30;-71.80;1;0
0000004386;-40.05;-5.30;-71.80;1;0
0000004403;-40.05;-5.35;-71.75;1;0
0000004422;-40.05;-5.35;-71.65;1;0
0000004456;-40.00;-5.30;-71.55;1;0
0000004472;-39.95;-5.25;-71.50;1;0
0000004484;-39.95;-5.25;-71.50;1;0
0000004502;-39.95;-5.25;-71.45;1;0
0000004519;-39.90;-5.25;-71.35;1;0
0000004541;-39.90;-5.30;-71.25;1;0
0000004554;-39.90;-5.35;-71.25;1;0
0000004567;-39.95;-5.35;-71.15;1;0
0000004584;-40.00;-5.40;-71.10;1;0
0000004608;-40.05;-5.40;-71.00;1;0
0000004621;-40.05;-5.35;-71.00;1;0
0000004647;-40.05;-5.40;-70.95;1;0
0000004655;-40.10;-5.35;-70.85;1;0
0000004695;-40.10;-5.40;-70.80;1;0
0000004708;-40.05;-5.40;-70.70;1;0
0000004719;-40.05;-5.45;-70.60;1;0
0000004741;-40.10;-5.50;-70.50;1;0
0000004755;-40.10;-5.55;-70.45;1;0
0000004762;-40.15;-5.55;-70.40;1;0
0000004787;-40.20;-5.60;-70.40;1;0
0000004803;-40.20;-5.60;-70.35;1;0
0000004823;-40.15;-5.65;-70.25;1;0
0000004838;-40.10;-5.65;-70.25;1;0
0000004853;-40.05;-5.60;-70.20;1;0
0000004888;-40.05;-5.65;-70.20;1;0
0000004893;-40.05;-5.65;-70.10;1;0
0000004905;-40.05;-5.65;-70.00;1;0
0000004935;-40.05;-5.60;-70.00;1;0
0000004950;-40.05;-5.60;-70.00;1;0
0000004969;-40.10;-5.55;-70.00;1;0
0000004985;-40.15;-5.55;-70.00;1;0
0000005011;-40.10;-5.50;-69.90;1;0
0000005025;-40.10;-5.50;-69.85;1;0
0000005042;-40.15;-5.50;-69.80;1;0
0000005055;-40.15;-5.50;-69.70;1;0
0000005073;-40.20;-5.45;-69.70;1;0
0000005103;-40.20;-5.45;-69.60;1;0
0000005109;-40.25;-5.50;-69.55;1;0
0000005129;-40.30;-5.45;-69.50;1;0
0000005149;-40.25;-5.50;-69.40;1;0
0000005169;-40.25;-5.55;-69.35;1;0
0000005187;-40.25;-5.55;-69.35;1;0
0000005202;-40.30;-5.50;-69.30;1;0
0000005216;-40.25;-5.55;-69.30;1;0
0000005232;-40.25;-5.60;-69.25;1;0
0000005252;-40.30;-5.65;-69.25;1;0
0000005273;-40.35;-5.70;-69.15;1;0
0000005303;-40.35;-5.65;-69.15;1;0
0000005326;-40.30;-5.60;-69.05;1;1
0000005349;-40.25;-5.55;-69.00;1;1
0000005374;-40.25;-5.55;-68.95;1;1
0000005410;-40.30;-5.55;-68.95;1;1
0000005427;-40.35;-5.55;-68.90;1;1
0000005449;-40.35;-5.55;-68.80;1;1
0000005452;-40.40;-5.60;-68.80;1;1
0000005477;-40.40;-5.60;-68.70;1;1
0000005490;-40.40;-5.65;-68.60;1;1
0000005507;-40.40;-5.65;-68.60;1;1
0000005525;-40.40;-5.65;-68.50;1;1
0000005548;-40.40;-5.60;-68.50;1;1
0000005580;-40.35;-5.60;-68.40;1;1
0000005584;-40.35;-5.55;-68.35;1;1
0000005605;-40.30;-5.50;-68.35;1;1
0000005632;-40.25;-5.50;-68.25;1;1
0000005652;-40.30;-5.50;-68.20;1;1
0000005659;-40.25;-5.55;-68.20;1;1
0000005666;-40.25;-5.55;-68.20;1;1
0000005689;-40.20;-5.60;-68.15;1;1
0000005722;-40.20;-5.60;-68.05;1;1
0000005726;-40.25;-5.55;-68.00;1;1
0000005739;-40.30;-5.60;-68.00;1;1
0000005770;-40.30;-5.65;-67.95;1;1
0000005788;-40.30;-5.70;-67.85;1;1
0000005805;-40.30;-5.70;-67.80;1;1
0000005824;-40.35;-5.65;-67.80;1;1
0000005840;-40.35;-5.70;-67.80;1;1
0000005875;-40.35;-5.65;-67.75;1;1
0000005897;-40.40;-5.60;-67.70;1;1
0000005910;-40.40;-5.55;-67.60;1;1
0000005928;-40.35;-5.60;-67.60;1;1
0000005930;-40.40;-5.55;-67.55;1;1
0000005960;-40.40;-5.55;-67.55;1;1
0000005976;-40.45;-5.55;-67.50;1;1
0000006003;-40.45;-5.55;-67.45;1;1
0000006023;-40.45;-5.50;-67.45;1;1
0000006055;-40.50;-5.50;-67.45;1;1
0000006071;-40.50;-5.50;-67.45;1;1
0000006075;-40.50;-5.55;-67.40;1;1
0000006088;-40.45;-5.60;-67.35;1;1
0000006108;-40.45;-5.60;-67.35;1;1
0000006141;-40.40;-5.55;-67.35;1;1
0000006166;-40.45;-5.55;-67.30;1;1
0000006187;-40.45;-5.45;-67.20;1;1
0000006203;-40.45;-5.45;-67.15;1;1
0000006218;-40.50;-5.45;-67.05;1;1
0000006242;-40.50;-5.50;-67.05;1;1
0000006268;-40.45;-5.55;-66.95;1;1
0000006290;-40.45;-5.50;-66.85;1;1
0000006312;-40.50;-5.55;-66.85;1;1
0000006322;-40.50;-5.60;-66.80;1;1
0000006343;-40.50;-5.55;-66.75;1;1
0000006359;-40.45;-5.55;-66.75;1;1
0000006372;-40.45;-5.50;-66.70;1;1
0000006394;-40.45;-5.45;-66.70;0;1
0000006418;-40.40;-5.40;-66.60;0;1
0000006446;-40.45;-5.40;-66.60;0;1
0000006454;-40.40;-5.40;-66.50;0;1
0000006483;-40.35;-5.40;-66.40;0;1
0000006488;-40.30;-5.40;-66.35;0;1
0000006525;-40.25;-5.45;-66.30;0;1
0000006542;-40.25;-5.40;-66.25;0;1
0000006549;-40.25;-5.40;-66.25;0;1
0000006570;-40.30;-5.40;-66.15;0;1
0000006591;-40.30;-5.45;-66.15;0;1
0000006604;-40.25;-5.50;-66.05;0;1
0000006627;-40.25;-5.45;-66.05;0;1
0000006640;-40.30;-5.40;-66.00;0;1
0000006677;-40.25;-5.40;-65.95;0;1
0000006694;-40.25;-5.45;-65.85;0;1
0000006709;-40.25;-5.45;-65.75;0;1
0000006717;-40.25;-5.45;-65.75;0;1
0000006745;-40.20;-5.50;-65.70;0;1
0000006755;-40.25;-5.55;-65.60;0;1
0000006781;-40.30;-5.60;-65.60;0;1
0000006792;-40.25;-5.55;-65.60;0;1
0000006816;-40.30;-5.60;-65.50;0;1
0000006834;-40.25;-5.65;-65.50;0;1
0000006858;-40.25;-5.65;-65.50;0;1
0000006868;-40.25;-5.70;-65.45;0;1
0000006888;-40.30;-5.70;-65.45;0;1
0000006911;-40.25;-5.75;-65.45;0;1
0000006924;-40.25;-5.70;-65.40;0;1
0000006944;-40.30;-5.70;-65.30;0;1
0000006976;-40.30;-5.75;-65.25;0;1
0000006992;-40.30;-5.80;-65.20;0;1
0000007009;-40.25;-5.80;-65.15;0;1
0000007024;-40.30;-5.75;-65.15;0;1
0000007044;-40.35;-5.75;-65.05;0;1
0000007060;-40.35;-5.80;-64.95;0;1
0000007073;-40.40;-5.80;-64.90;0;1
0000007105;-40.35;-5.75;-64.90;0;1
0000007128;-40.35;-5.70;-64.85;0;1
0000007137;-40.35;-5.70;-64.80;0;1
0000007154;-40.35;-5.75;-64.75;0;1
0000007186;-40.40;-5.75;-64.65;0;1
0000007214;-40.35;-5.75;-64.65;0;1
0000007226;-40.30;-5.70;-64.65;0;1
0000007230;-40.35;-5.70;-64.65;0;1
0000007260;-40.35;-5.75;-64.60;0;1
0000007273;-40.30;-5.75;-64.55;0;1
0000007296;-40.30;-5.80;-64.45;0;1
0000007311;-40.30;-5.80;-64.40;0;1
0000007324;-40.30;-5.80;-64.40;0;1
0000007358;-40.30;-5.75;-64.35;0;1
0000007375;-40.25;-5.75;-64.30;0;1
0000007384;-40.30;-5.70;-64.25;0;1
0000007404;-40.30;-5.70;-64.20;0;1
0000007423;-40.30;-5.70;-64.15;0;1
0000007465;-40.35;-5.75;-64.05;0;1
0000007480;-40.40;-5.75;-63.95;0;1
0000007508;-40.45;-5.70;-63.95;0;1
0000007517;-40.40;-5.70;-63.90;0;1
0000007539;-40.40;-5.70;-63.85;0;1
0000007555;-40.40;-5.70;-63.75;0;1
0000007574;-40.35;-5.70;-63.75;0;1
0000007593;-40.35;-5.65;-63.75;0;1
0000007612;-40.35;-5.60;-63.70;0;1
0000007623;-40.40;-5.65;-63.60;0;1
0000007653;-40.40;-5.65;-63.55;0;1
0000007663;-40.40;-5.65;-63.50;0;1
0000007687;-40.35;-5.70;-63.40;0;1
0000007703;-40.40;-5.65;-63.35;0;1
0000007726;-40.40;-5.70;-63.25;0;1
0000007753;-40.40;-5.75;-63.15;0;1
0000007763;-40.45;-5.75;-63.15;0;1
0000007790;-40.40;-5.70;-63.10;0;1
0000007801;-40.35;-5.70;-63.10;0;1
0000007843;-40.40;-5.65;-63.10;0;1
0000007859;-40.35;-5.70;-63.05;0;1
0000007877;-40.35;-5.75;-63.00;0;0
0000007895;-40.40;-5.70;-62.95;0;0
0000007897;-40.40;-5.70;-62.90;0;0
0000007921;-40.35;-5.65;-62.90;0;0
0000007940;-40.40;-5.65;-62.85;0;0
0000007953;-40.45;-5.60;-62.80;0;0
0000007971;-40.45;-5.55;-62.75;0;0
0000007994;-40.45;-5.60;-62.65;0;0
0000008007;-40.40;-5.55;-62.65;0;0
0000008023;-40.45;-5.55;-62.60;0;0
0000008046;-40.45;-5.50;-62.55;0;0
0000008074;-40.45;-5.45;-62.50;0;0
0000008084;-40.40;-5.50;-62.45;0;0
0000008125;-40.35;-5.50;-62.35;0;0
0000008141;-40.35;-5.45;-62.25;0;0
0000008177;-40.40;-5.50;-62.20;0;0
0000008196;-40.40;-5.55;-62.20;0;0
0000008209;-40.40;-5.55;-62.20;0;0
0000008226;-40.40;-5.55;-62.10;0;0
0000008260;-40.40;-5.55;-62.10;0;0
0000008276;-40.40;-5.55;-62.10;0;0
0000008281;-40.35;-5.55;-62.05;0;0
0000008308;-40.40;-5.50;-62.05;0;0
0000008337;-40.35;-5.45;-62.00;0;0
0000008339;-40.30;-5.50;-61.90;0;0
0000008355;-40.35;-5.45;-61.90;0;0
0000008375;-40.30;-5.50;-61.85;0;0
0000008392;-40.25;-5.50;-61.75;0;0
0000008408;-40.30;-5.45;-61.70;0;0
0000008427;-40.25;-5.40;-61.70;0;0
0000008452;-40.25;-5.45;-61.65;0;0
0000008461;-40.25;-5.45;-61.60;0;0
0000008486;-40.25;-5.40;-61.55;0;0
0000008506;-40.20;-5.40;-61.45;0;0
0000008543;-40.25;-5.45;-61.40;0;0
0000008556;-40.25;-5.50;-61.40;0;0
0000008563;-40.25;-5.50;-61.30;0;0
0000008574;-40.30;-5.55;-61.30;0;0
0000008589;-40.35;-5.55;-61.30;0;0
0000008607;-40.40;-5.50;-61.20;0;0
0000008628;-40.45;-5.45;-61.10;0;0
0000008642;-40.45;-5.50;-61.05;0;0
0000008675;-40.40;-5.55;-61.00;0;0
0000008691;-40.40;-5.55;-60.95;0;0
0000008700;-40.40;-5.55;-60.95;0;0
0000008726;-40.40;-5.50;-60.90;0;0
0000008743;-40.40;-5.50;-60.85;0;0
0000008757;-40.35;-5.45;-60.85;0;0
0000008774;-40.40;-5.50;-60.85;0;0
0000008797;-40.45;-5.50;-60.85;0;0
0000008806;-40.40;-5.55;-60.85;0;0
0000008825;-40.45;-5.55;-60.85;0;0
0000008840;-40.45;-5.60;-60.80;0;0
0000008858;-40.45;-5.55;-60.80;0;0
0000008872;-40.40;-5.60;-60.70;0;0
0000008910;-40.40;-5.60;-60.70;0;0
0000008926;-40.40;-5.60;-60.70;0;0
0000008929;-40.35;-5.55;-60.70;0;0
0000008955;-40.35;-5.55;-60.60;0;0
0000008974;-40.35;-5.60;-60.50;0;0
0000008983;-40.35;-5.65;-60.50;0;0
0000009007;-40.35;-5.65;-60.45;0;0
0000009024;-40.30;-5.65;-60.45;0;0
0000009060;-40.30;-5.65;-60.35;0;0
0000009078;-40.25;-5.70;-60.35;0;0
0000009080;-40.25;-5.75;-60.35;0;0
0000009094;-40.20;-5.75;-60.30;0;0
0000009130;-40.15;-5.70;-60.25;0;0
0000009143;-40.10;-5.75;-60.25;0;0
0000009150;-40.10;-5.75;-60.15;0;0
0000009164;-40.05;-5.70;-60.15;0;0
0000009206;-40.10;-5.70;-60.10;0;0
0000009222;-40.05;-5.75;-60.00;0;0
0000009237;-40.05;-5.80;-59.90;0;0
0000009253;-40.05;-5.80;-59.90;0;0
0000009277;-40.10;-5.85;-59.90;0;0
0000009289;-40.10;-5.80;-59.90;0;0
0000009309;-40.10;-5.85;-59.90;0;0
0000009320;-40.10;-5.85;-59.80;0;0
0000009341;-40.10;-5.85;-59.80;0;0
0000009364;-40.05;-5.90;-59.70;0;0
0000009391;-40.05;-5.90;-59.70;0;0
0000009396;-40.00;-5.90;-59.70;1;0
0000009432;-40.05;-5.95;-59.60;1;0
0000009442;-40.00;-6.00;-59.55;1;0
0000009462;-40.00;-5.95;-59.55;1;0
0000009475;-40.05;-5.95;-59.50;1;0
0000009492;-40.10;-5.90;-59.45;1;0
0000009526;-40.10;-5.95;-59.35;1;0
0000009544;-40.15;-5.95;-59.25;1;0
0000009561;-40.20;-5.95;-59.15;1;0
0000009586;-40.15;-5.95;-59.10;1;0
0000009591;-40.05;-6.00;-58.95;1;0
0000009625;-40.00;-6.05;-58.95;1;0
0000009635;-40.00;-6.10;-58.95;1;0
0000009677;-40.05;-6.05;-58.90;1;0
0000009694;-40.05;-6.05;-58.80;1;0
0000009716;-40.05;-6.10;-58.80;1;0
0000009722;-40.10;-6.10;-58.80;1;0
0000009726;-40.05;-6.05;-58.75;1;0
0000009755;-40.05;-6.05;-58.70;1;0
0000009777;-40.00;-6.10;-58.60;1;0
0000009799;-39.95;-6.15;-58.55;1;0
0000009811;-40.00;-6.10;-58.45;1;0
0000009836;-40.05;-6.15;-58.35;1;0
0000009860;-40.10;-6.15;-58.30;1;0
0000009865;-40.10;-6.20;-58.25;1;0
0000009888;-40.05;-6.25;-58.15;1;0
0000009908;-40.00;-6.20;-58.10;1;0
0000009919;-39.95;-6.20;-58.00;1;0
0000009941;-39.95;-6.20;-57.90;1;0
0000009959;-39.90;-6.15;-57.85;1;0
0000009992;-39.90;-6.15;-57.80;1;0
0000010011;-39.85;-6.20;-57.70;1;0
0000010024;-39.90;-6.15;-57.65;1;0
0000010049;-39.95;-6.15;-57.60;1;0
0000010052;-40.00;-6.15;-57.60;1;0
0000010067;-40.00;-6.15;-57.60;1;0
0000010091;-40.00;-6.15;-57.55;1;0
0000010102;-40.00;-6.10;-57.50;1;0
0000010141;-39.95;-6.10;-57.40;1;0
0000010157;-39.95;-6.05;-57.40;1;0
0000010200;-40.00;-6.05;-57.25;1;0
0000010217;-40.05;-6.00;-57.15;1;0
0000010227;-40.10;-6.00;-57.05;1;0
0000010257;-40.05;-5.95;-57.00;1;0
0000010270;-40.05;-5.90;-56.95;1;0
0000010290;-40.05;-5.85;-56.85;1;0
0000010300;-40.00;-5.90;-56.85;1;0
0000010326;-39.95;-5.90;-56.85;1;0
0000010348;-40.00;-5.85;-56.85;1;0
0000010357;-40.05;-5.80;-56.80;1;0
0000010375;-40.05;-5.80;-56.75;1;0
0000010410;-40.10;-5.85;-56.75;1;0
0000010427;-40.15;-5.90;-56.75;1;0
0000010435;-40.20;-5.95;-56.75;1;0
0000010466;-40.20;-6.00;-56.65;1;0
0000010473;-40.15;-5.95;-56.65;1;0
0000010509;-40.15;-5.95;-56.60;1;0
0000010528;-40.15;-5.95;-56.60;1;0
0000010532;-40.20;-6.00;-56.50;1;0
0000010544;-40.25;-6.00;-56.50;1;0
0000010561;-40.30;-6.05;-56.45;1;0
0000010568;-40.35;-6.05;-56.40;1;0
0000010589;-40.40;-6.10;-56.35;1;0
0000010621;-40.40;-6.15;-56.35;1;0
0000010625;-40.40;-6.10;-56.30;1;0
0000010648;-40.40;-6.05;-56.30;1;0
0000010663;-40.40;-6.10;-56.25;1;0
0000010697;-40.45;-6.05;-56.20;1;0
0000010719;-40.45;-6.05;-56.15;1;0
0000010724;-40.50;-6.00;-56.05;1;0
0000010742;-40.50;-6.00;-56.00;1;0
0000010759;-40.50;-6.00;-55.95;1;0
0000010777;-40.50;-6.00;-55.90;1;0
0000010794;-40.50;-5.95;-55.90;1;0
0000010811;-40.55;-6.00;-55.90;1;0
0000010837;-40.55;-6.05;-55.90;1;0
0000010877;-40.50;-5.95;-55.90;1;0
0000010895;-40.45;-5.95;-55.85;1;0
0000010905;-40.50;-6.00;-55.75;1;0
0000010925;-40.55;-5.95;-55.75;1;0
0000010952;-40.55;-5.95;-55.65;1;0
0000010954;-40.55;-5.95;-55.60;1;0
0000010975;-40.55;-5.95;-55.55;1;0
0000011000;-40.50;-5.95;-55.50;1;0
0000011028;-40.55;-5.95;-55.45;1;0
0000011051;-40.55;-6.00;-55.40;1;0
0000011059;-40.55;-6.00;-55.30;1;0
0000011084;-40.50;-6.05;-55.20;1;0
0000011124;-40.50;-6.10;-55.15;1;0
0000011143;-40.55;-6.15;-55.10;1;0
0000011164;-40.50;-6.15;-55.10;1;0
0000011188;-40.45;-6.10;-55.00;1;0
0000011209;-40.45;-6.10;-55.00;1;0
0000011227;-40.50;-6.05;-55.00;1;0
0000011243;-40.45;-6.00;-54.95;1;0
0000011260;-40.45;-6.00;-54.95;1;0
0000011273;-40.45;-6.00;-54.95;1;0
0000011290;-40.45;-6.00;-54.90;1;0
0000011314;-40.45;-5.95;-54.80;1;0
0000011333;-40.45;-5.95;-54.75;1;0
0000011360;-40.45;-5.90;-54.75;1;0
0000011368;-40.45;-5.95;-54.70;1;0
0000011411;-40.45;-5.95;-54.60;1;0
0000011428;-40.40;-5.90;-54.55;1;0
0000011432;-40.40;-5.95;-54.50;1;0
0000011439;-40.45;-5.95;-54.50;1;0
0000011458;-40.40;-5.95;-54.40;1;0
0000011492;-40.45;-5.90;-54.35;1;0
0000011522;-40.50;-5.85;-54.30;1;0
0000011538;-40.45;-5.80;-54.30;1;0
0000011561;-40.45;-5.75;-54.25;1;0
0000011572;-40.40;-5.75;-54.20;1;0
0000011584;-40.40;-5.70;-54.15;1;0
0000011597;-40.40;-5.75;-54.10;1;0
0000011621;-40.35;-5.75;-54.10;1;0
0000011641;-40.30;-5.80;-54.00;1;0
0000011654;-40.35;-5.80;-54.00;1;0
0000011673;-40.35;-5.85;-53.90;1;0
0000011694;-40.40;-5.85;-53.85;1;0
0000011712;-40.45;-5.85;-53.85;1;0
0000011727;-40.50;-5.85;-53.75;1;0
0000011767;-40.50;-5.80;-53.65;1;0
0000011778;-40.50;-5.85;-53.60;1;0
0000011803;-40.50;-5.85;-53.50;1;0
0000011825;-40.50;-5.85;-53.45;1;0
0000011839;-40.55;-5.90;-53.40;1;0
0000011877;-40.55;-5.90;-53.30;1;0
0000011911;-40.50;-5.85;-53.30;1;0
0000011924;-40.55;-5.80;-53.25;1;0
0000011937;-40.55;-5.80;-53.15;1;0
0000011956;-40.55;-5.80;-53.05;1;0
0000011983;-40.60;-5.80;-53.00;1;0
0000012011;-40.60;-5.85;-53.00;1;0
0000012034;-40.55;-5.90;-53.00;1;0
0000012058;-40.55;-5.95;-52.95;1;0
0000012079;-40.60;-6.00;-52.90;1;0
0000012101;-40.55;-6.00;-52.85;1;0
0000012125;-40.60;-6.05;-52.85;1;0
0000012151;-40.65;-6.05;-52.75;1;0
0000012194;-40.65;-6.05;-52.70;1;0
0000012229;-40.60;-6.10;-52.70;1;0
0000012238;-40.60;-6.15;-52.65;1;0
0000012245;-40.60;-6.15;-52.60;1;0
0000012272;-40.55;-6.20;-52.60;0;0
0000012297;-40.55;-6.15;-52.50;0;0
0000012320;-40.55;-6.15;-52.40;0;0
0000012344;-40.55;-6.15;-52.40;0;0
0000012367;-40.55;-6.10;-52.35;0;0
0000012392;-40.55;-6.05;-52.25;0;0
0000012427;-40.55;-6.10;-52.15;0;0
0000012445;-40.60;-6.05;-52.05;0;0
0000012461;-40.60;-6.05;-52.00;0;0
0000012486;-40.55;-6.10;-51.95;0;0
0000012506;-40.55;-6.10;-51.90;0;0
0000012537;-40.55;-6.10;-51.90;0;0
0000012561;-40.60;-6.10;-51.85;0;0
0000012583;-40.65;-6.15;-51.80;0;0
0000012611;-40.70;-6.10;-51.80;0;0
0000012634;-40.70;-6.10;-51.70;0;0
0000012660;-40.75;-6.15;-51.70;0;0
0000012678;-40.75;-6.20;-51.70;0;0
0000012707;-40.75;-6.25;-51.70;0;0
0000012726;-40.80;-6.25;-51.65;0;0
0000012755;-40.80;-6.30;-51.60;0;0
0000012775;-40.80;-6.30;-51.55;0;0
0000012809;-40.75;-6.35;-51.55;0;0
0000012826;-40.80;-6.40;-51.45;0;0
0000012848;-40.80;-6.40;-51.40;0;0
0000012874;-40.75;-6.45;-51.30;0;0
0000012894;-40.75;-6.50;-51.30;0;0
0000012915;-40.75;-6.50;-51.30;0;0
0000012964;-40.75;-6.50;-51.25;0;0
0000012992;-40.75;-6.55;-51.15;0;0
0000013019;-40.75;-6.55;-51.15;0;0
0000013051;-40.85;-6.60;-51.05;0;1
0000013062;-40.80;-6.60;-50.95;0;1
0000013143;-40.80;-6.65;-50.95;0;1
0000013152;-40.85;-6.70;-50.90;0;1
0000013162;-40.75;-6.65;-50.75;0;1
0000013184;-40.75;-6.65;-50.70;0;1
0000013226;-40.80;-6.65;-50.60;0;1
0000013240;-40.85;-6.70;-50.55;0;1
0000013281;-40.80;-6.70;-50.45;0;1
0000013297;-40.80;-6.75;-50.40;0;1
0000013305;-40.75;-6.80;-50.35;0;1
0000013328;-40.75;-6.85;-50.25;0;1
0000013351;-40.70;-6.80;-50.15;0;1
0000013375;-40.70;-6.85;-50.15;0;1
0000013406;-40.70;-6.90;-50.10;0;1
0000013424;-40.65;-6.95;-50.05;0;1
0000013458;-40.70;-7.00;-50.05;0;1
0000013470;-40.70;-7.05;-50.05;0;1
0000013494;-40.70;-7.05;-49.95;0;1
0000013518;-40.70;-7.10;-49.95;0;1
0000013544;-40.70;-7.15;-49.90;0;1
0000013574;-40.70;-7.15;-49.85;0;1
0000013594;-40.65;-7.15;-49.80;0;1
0000013615;-40.70;-7.20;-49.70;0;1
0000013646;-40.75;-7.20;-49.60;0;1
0000013682;-40.70;-7.25;-49.60;0;1
0000013700;-40.65;-7.30;-49.55;0;1
0000013712;-40.65;-7.35;-49.45;0;1
0000013744;-40.65;-7.30;-49.40;0;1
0000013765;-40.65;-7.30;-49.40;0;1
0000013796;-40.60;-7.35;-49.40;0;1
0000013814;-40.55;-7.35;-49.40;0;1
0000013844;-40.55;-7.30;-49.30;0;1
0000013860;-40.60;-7.25;-49.30;0;1
0000013879;-40.60;-7.25;-49.25;0;1
0000013904;-40.60;-7.30;-49.15;0;1
0000013929;-40.55;-7.25;-49.15;0;1
0000013950;-40.50;-7.30;-49.05;0;1
0000013980;-40.55;-7.25;-48.95;0;1
0000014027;-40.50;-7.25;-48.95;0;1
0000014042;-40.45;-7.25;-48.95;0;1
0000014051;-40.50;-7.30;-48.90;0;1
0000014073;-40.55;-7.25;-48.85;0;1
0000014105;-40.55;-7.25;-48.85;0;1
0000014126;-40.55;-7.30;-48.80;0;1
0000014160;-40.50;-7.30;-48.80;0;1
0000014169;-40.45;-7.25;-48.75;0;1
0000014211;-40.45;-7.25;-48.70;0;1
0000014231;-40.45;-7.20;-48.65;0;1
0000014242;-40.45;-7.20;-48.65;0;1
0000014278;-40.40;-7.20;-48.55;0;1
0000014304;-40.40;-7.20;-48.45;0;1
0000014312;-40.40;-7.25;-48.40;0;1
0000014340;-40.45;-7.25;-48.35;0;1
0000014357;-40.40;-7.25;-48.25;0;1
0000014387;-40.35;-7.25;-48.25;0;1
0000014409;-40.35;-7.20;-48.20;0;1
0000014441;-40.35;-7.15;-48.20;0;1
0000014456;-40.35;-7.15;-48.15;0;1
0000014484;-40.40;-7.15;-48.10;0;1
0000014510;-40.35;-7.10;-48.10;0;1
0000014535;-40.35;-7.05;-48.10;0;1
0000014561;-40.40;-7.10;-48.00;0;1
0000014592;-40.35;-7.15;-47.90;0;1
0000014651;-40.35;-7.20;-47.80;0;1
0000014657;-40.30;-7.25;-47.70;0;1
0000014663;-40.30;-7.30;-47.70;0;1
0000014677;-40.35;-7.35;-47.70;0;1
0000014697;-40.30;-7.30;-47.70;0;1
0000014732;-40.35;-7.35;-47.60;0;1
0000014744;-40.35;-7.40;-47.60;0;1
0000014776;-40.35;-7.40;-47.55;0;1
0000014808;-40.40;-7.40;-47.45;0;1
0000014816;-40.45;-7.40;-47.35;0;1
0000014841;-40.45;-7.40;-47.35;0;1
0000014875;-40.45;-7.40;-47.30;0;1
0000014915;-40.50;-7.45;-47.20;0;1
0000014919;-40.50;-7.45;-47.20;0;1
0000014968;-40.50;-7.45;-47.15;0;1
0000014973;-40.50;-7.45;-47.10;0;1
0000015014;-40.50;-7.45;-47.10;0;1
0000015020;-40.50;-7.40;-47.05;0;1
0000015063;-40.55;-7.35;-47.05;0;1
0000015069;-40.50;-7.35;-46.95;0;1
0000015112;-40.50;-7.30;-46.95;0;1
0000015141;-40.55;-7.25;-46.85;0;1
0000015158;-40.60;-7.20;-46.75;0;1
0000015187;-40.60;-7.25;-46.65;0;0
0000015211;-40.55;-7.20;-46.60;0;0
0000015238;-40.55;-7.20;-46.60;0;0
0000015262;-40.60;-7.15;-46.60;0;0
0000015294;-40.60;-7.15;-46.60;0;0
0000015311;-40.60;-7.10;-46.60;0;0
0000015336;-40.55;-7.05;-46.60;0;0
0000015338;-40.55;-7.00;-46.60;0;0
0000015371;-40.50;-6.95;-46.55;0;0
0000015396;-40.50;-6.90;-46.50;0;0
0000015425;-40.50;-6.85;-46.50;0;0
0000015464;-40.55;-6.90;-46.45;0;0
0000015476;-40.50;-6.95;-46.40;0;0
0000015489;-40.45;-6.95;-46.30;0;0
0000015521;-40.50;-6.95;-46.25;0;0
0000015537;-40.45;-7.00;-46.15;0;0
0000015560;-40.40;-7.05;-46.10;0;0
0000015582;-40.45;-7.05;-46.05;0;0
0000015611;-40.45;-7.05;-46.00;0;0
0000015635;-40.45;-7.05;-45.95;0;0
0000015680;-40.45;-7.05;-45.90;0;0
0000015686;-40.45;-7.00;-45.85;0;0
0000015729;-40.45;-7.00;-45.75;0;0
0000015758;-40.40;-6.95;-45.70;0;0
0000015760;-40.35;-6.95;-45.65;0;0
0000015778;-40.40;-6.90;-45.60;0;0
0000015800;-40.40;-6.90;-45.60;0;0
0000015825;-40.45;-6.85;-45.55;0;0
0000015855;-40.50;-6.85;-45.45;0;0
0000015873;-40.50;-6.85;-45.35;0;0
0000015897;-40.50;-6.90;-45.35;0;0
0000015911;-40.55;-6.85;-45.25;0;0
0000015958;-40.60;-6.85;-45.20;0;0
0000015993;-40.60;-6.80;-45.10;0;0
0000016044;-40.60;-6.80;-45.00;0;0
0000016062;-40.65;-6.80;-44.95;0;0
0000016066;-40.65;-6.80;-44.85;0;0
0000016076;-40.70;-6.85;-44.80;0;0
0000016094;-40.70;-6.80;-44.75;0;0
0000016126;-40.65;-6.85;-44.70;0;0
0000016133;-40.70;-6.80;-44.70;0;0
0000016180;-40.70;-6.80;-44.65;0;0
0000016196;-40.70;-6.85;-44.65;0;0
0000016229;-40.65;-6.80;-44.60;0;0
0000016244;-40.60;-6.80;-44.50;0;0
0000016277;-40.65;-6.80;-44.50;0;0
0000016303;-40.70;-6.80;-44.50;0;0
0000016305;-40.70;-6.80;-44.50;0;0
0000016324;-40.75;-6.80;-44.40;0;0
0000016342;-40.80;-6.85;-44.40;0;0
0000016356;-40.85;-6.90;-44.35;0;0
0000016379;-40.85;-6.90;-44.30;0;0
0000016399;-40.85;-6.95;-44.30;0;0
0000016426;-40.90;-6.95;-44.25;0;0
0000016445;-40.90;-6.95;-44.15;0;0
0000016457;-40.95;-6.95;-44.10;0;0
0000016476;-40.90;-6.95;-44.05;0;0
0000016509;-40.85;-7.00;-44.00;0;0
0000016534;-40.85;-6.95;-43.85;0;0
0000016562;-40.80;-6.95;-43.80;0;0
0000016584;-40.85;-6.95;-43.70;0;0
0000016590;-40.90;-6.95;-43.60;0;0
0000016610;-40.95;-6.90;-43.60;0;0
0000016629;-41.00;-6.95;-43.50;0;0
0000016645;-41.00;-6.95;-43.40;0;0
0000016673;-41.00;-6.95;-43.35;0;0
0000016694;-41.00;-6.95;-43.25;0;0
0000016708;-41.05;-6.95;-43.25;0;0
0000016724;-41.00;-7.00;-43.25;0;0
0000016742;-41.00;-6.95;-43.25;0;0
0000016761;-41.00;-6.95;-43.15;0;0
0000016796;-40.95;-6.95;-43.10;0;0
0000016813;-40.90;-6.95;-43.05;0;0
0000016819;-40.85;-6.95;-43.05;0;0
0000016841;-40.90;-6.90;-43.00;0;0
0000016859;-40.95;-6.90;-42.95;0;0
0000016879;-40.95;-6.95;-42.90;0;0
0000016896;-41.00;-6.90;-42.85;0;0
0000016931;-41.00;-6.95;-42.85;0;0
0000016935;-40.95;-7.00;-42.80;0;0
0000016962;-40.90;-7.00;-42.70;0;0
0000016977;-40.95;-6.95;-42.60;0;0
0000016991;-40.90;-6.90;-42.55;0;0
0000017010;-40.90;-6.90;-42.50;0;0
0000017026;-40.85;-6.85;-42.40;0;0
0000017038;-40.90;-6.80;-42.30;0;0
0000017074;-40.90;-6.80;-42.20;0;0
0000017091;-40.85;-6.80;-42.20;0;0
0000017104;-40.90;-6.75;-42.15;0;0
0000017125;-40.90;-6.70;-42.10;0;0
0000017143;-40.95;-6.75;-42.05;0;0
0000017151;-40.95;-6.70;-42.00;0;0
0000017179;-41.00;-6.75;-41.95;0;0
0000017209;-41.00;-6.80;-41.95;0;0
0000017218;-41.00;-6.85;-41.90;0;0
0000017257;-41.05;-6.85;-41.80;0;0
0000017260;-41.00;-6.90;-41.80;0;0
0000017274;-41.05;-6.90;-41.70;0;0
0000017289;-41.00;-6.90;-41.60;0;0
0000017307;-40.95;-6.90;-41.60;0;0
0000017344;-41.00;-6.90;-41.55;0;0
0000017352;-41.05;-6.90;-41.50;0;0
0000017368;-41.10;-6.90;-41.50;0;1
0000017389;-41.10;-6.85;-41.45;0;1
0000017409;-41.05;-6.85;-41.45;0;1
0000017428;-41.05;-6.85;-41.40;0;1
0000017446;-41.00;-6.90;-41.40;0;1
0000017479;-41.05;-6.90;-41.35;0;1
0000017490;-41.05;-6.90;-41.30;0;1
0000017505;-41.10;-6.95;-41.25;0;1
0000017515;-41.10;-6.95;-41.20;0;1
0000017542;-41.10;-6.95;-41.10;0;1
0000017560;-41.05;-6.95;-41.00;0;1
0000017586;-41.05;-6.95;-40.90;0;1
0000017598;-41.05;-6.90;-40.90;0;1
0000017643;-41.00;-6.85;-40.90;0;1
0000017645;-41.00;-6.85;-40.85;0;1
0000017663;-40.95;-6.80;-40.80;0;1
0000017672;-40.95;-6.75;-40.75;0;1
0000017685;-40.95;-6.75;-40.65;0;1
0000017725;-40.95;-6.80;-40.60;0;1
0000017742;-40.95;-6.85;-40.55;0;1
0000017750;-40.95;-6.85;-40.55;0;1
0000017777;-40.95;-6.90;-40.50;0;1
0000017791;-40.90;-6.85;-40.45;0;1
0000017804;-40.85;-6.85;-40.45;0;1
0000017827;-40.80;-6.90;-40.40;0;1
0000017843;-40.80;-6.90;-40.35;0;1
0000017875;-40.75;-6.85;-40.25;0;1
0000017891;-40.80;-6.90;-40.20;0;1
0000017914;-40.85;-6.90;-40.10;0;1
0000017930;-40.85;-6.90;-40.00;0;1
0000017944;-40.85;-6.90;-39.95;0;1
0000017961;-40.90;-6.90;-39.85;0;1
0000017980;-40.90;-6.85;-39.85;0;1
0000018010;-40.95;-6.80;-39.85;0;1
0000018027;-40.95;-6.85;-39.80;0;1
0000018037;-41.00;-6.90;-39.75;0;1
0000018061;-40.95;-6.90;-39.70;0;1
0000018092;-41.00;-6.90;-39.60;0;1
0000018100;-41.00;-6.90;-39.55;0;1
0000018141;-41.00;-6.90;-39.55;0;1
0000018159;-40.95;-6.95;-39.55;0;1
0000018178;-41.00;-7.00;-39.55;0;1
0000018195;-40.95;-7.05;-39.55;0;1
0000018207;-40.95;-7.10;-39.50;0;1
0000018223;-40.95;-7.10;-39.45;0;1
0000018243;-40.95;-7.10;-39.40;0;1
0000018255;-40.95;-7.05;-39.30;0;1
0000018292;-40.90;-7.05;-39.30;0;1
0000018310;-40.85;-7.05;-39.20;0;1
0000018321;-40.90;-7.05;-39.15;0;1
0000018341;-40.90;-7.10;-39.05;0;1
0000018357;-40.90;-7.05;-39.00;0;1
0000018377;-40.95;-7.05;-39.00;0;1
0000018397;-40.95;-7.05;-38.95;0;1
0000018437;-40.95;-7.05;-38.95;0;1
0000018441;-40.95;-7.00;-38.95;0;1
0000018480;-40.95;-7.05;-38.90;0;1
0000018500;-40.95;-7.05;-38.85;0;1
0000018506;-40.95;-7.10;-38.85;0;1
0000018512;-41.00;-7.15;-38.80;0;1
0000018537;-40.95;-7.20;-38.70;0;1
0000018582;-41.00;-7.15;-38.65;0;1
0000018589;-40.95;-7.15;-38.60;0;1
0000018595;-40.95;-7.20;-38.55;0;1
0000018612;-40.90;-7.25;-38.55;0;1
0000018638;-40.90;-7.30;-38.55;0;1
0000018645;-40.90;-7.30;-38.50;0;1
0000018677;-40.90;-7.25;-38.45;0;1
0000018706;-40.90;-7.30;-38.45;0;1
0000018727;-40.85;-7.30;-38.30;0;1
0000018757;-40.80;-7.25;-38.25;0;1
0000018759;-40.80;-7.30;-38.15;0;1
0000018779;-40.75;-7.35;-38.10;0;1
0000018798;-40.70;-7.40;-38.00;0;1
0000018817;-40.65;-7.35;-37.95;0;1
0000018837;-40.70;-7.35;-37.90;0;1
0000018861;-40.70;-7.30;-37.85;0;1
0000018897;-40.70;-7.35;-37.80;0;1
0000018906;-40.65;-7.35;-37.80;0;1
0000018954;-40.60;-7.45;-37.70;0;1
0000019001;-40.60;-7.50;-37.50;0;1
0000019007;-40.60;-7.55;-37.45;0;1
0000019010;-40.65;-7.55;-37.45;0;1
0000019050;-40.65;-7.55;-37.40;0;1
0000019055;-40.60;-7.60;-37.35;0;1
0000019086;-40.55;-7.60;-37.30;0;1
0000019128;-40.60;-7.60;-37.20;0;1
0000019137;-40.60;-7.55;-37.15;0;1
0000019180;-40.60;-7.55;-37.00;0;1
0000019202;-40.60;-7.55;-36.95;0;1
0000019228;-40.60;-7.50;-36.85;0;0
0000019258;-40.60;-7.50;-36.80;0;0
0000019260;-40.55;-7.55;-36.75;0;0
0000019279;-40.60;-7.55;-36.70;0;0
0000019304;-40.65;-7.55;-36.70;0;0
0000019312;-40.65;-7.60;-36.60;0;0
0000019326;-40.60;-7.60;-36.55;0;0
0000019352;-40.65;-7.60;-36.50;0;0
0000019380;-40.65;-7.60;-36.40;0;0
0000019388;-40.65;-7.65;-36.35;0;0
0000019416;-40.70;-7.65;-36.35;0;0
0000019422;-40.75;-7.60;-36.35;0;0
0000019466;-40.75;-7.60;-36.30;0;0
0000019472;-40.80;-7.55;-36.25;0;0
0000019515;-40.85;-7.55;-36.15;0;0
0000019521;-40.85;-7.55;-36.05;0;0
0000019523;-40.85;-7.55;-35.95;0;0
0000019572;-40.80;-7.60;-35.85;0;0
0000019615;-40.85;-7.55;-35.70;0;0
0000019620;-40.80;-7.55;-35.60;0;0
0000019667;-40.85;-7.55;-35.55;0;0
0000019672;-40.80;-7.60;-35.50;0;0
0000019699;-40.80;-7.70;-35.40;0;0
0000019715;-40.85;-7.65;-35.40;0;0
0000019745;-40.80;-7.65;-35.30;0;0
0000019752;-40.85;-7.65;-35.30;0;0
0000019796;-40.80;-7.70;-35.25;0;0
0000019815;-40.85;-7.75;-35.25;0;0
0000019822;-40.85;-7.75;-35.25;1;0
0000019825;-40.85;-7.75;-35.20;1;0
0000019848;-40.85;-7.75;-35.15;1;0
0000019881;-40.85;-7.70;-35.10;1;0
0000019952;-40.80;-7.70;-35.00;1;0
0000019961;-40.75;-7.65;-34.95;1;0
0000019983;-40.75;-7.65;-34.80;1;0
0000019990;-40.70;-7.70;-34.80;1;0
0000020024;-40.65;-7.70;-34.80;1;0
0000020057;-40.60;-7.65;-34.80;1;0
0000020062;-40.60;-7.70;-34.75;1;0
0000020083;-40.65;-7.70;-34.75;1;0
0000020111;-40.65;-7.70;-34.55;1;0
0000020136;-40.65;-7.70;-34.55;1;0
0000020167;-40.65;-7.75;-34.55;1;0
0000020173;-40.70;-7.75;-34.50;1;0
0000020212;-40.70;-7.75;-34.50;1;0
0000020213;-40.65;-7.70;-34.40;1;0
0000020228;-40.65;-7.70;-34.35;1;0
0000020238;-40.65;-7.75;-34.35;1;0
0000020270;-40.60;-7.70;-34.30;1;0
0000020301;-40.65;-7.70;-34.30;1;0
0000020332;-40.65;-7.75;-34.20;1;0
0000020364;-40.55;-7.80;-34.10;1;0
0000020379;-40.50;-7.85;-34.10;1;0
0000020401;-40.50;-7.85;-34.10;1;0
0000020416;-40.45;-7.85;-34.00;1;0
0000020450;-40.50;-7.80;-33.90;1;0
0000020461;-40.50;-7.80;-33.85;1;0
0000020538;-40.45;-7.85;-33.80;1;0
0000020586;-40.45;-7.85;-33.70;1;0
0000020633;-40.45;-7.90;-33.55;1;0
0000020680;-40.45;-7.95;-33.55;1;0
0000020713;-40.50;-8.00;-33.45;1;0
0000020728;-40.55;-8.00;-33.35;1;0
0000020762;-40.55;-8.00;-33.15;1;0
0000020779;-40.55;-7.95;-33.05;1;0
0000020817;-40.50;-7.95;-33.00;1;0
0000020824;-40.50;-8.00;-32.95;1;0
0000020872;-40.45;-7.90;-32.90;1;0
0000020882;-40.50;-7.90;-32.80;1;0
0000020920;-40.45;-7.90;-32.75;1;0
0000020935;-40.45;-7.95;-32.65;1;0
0000020983;-40.45;-7.85;-32.60;1;0
0000021018;-40.50;-7.80;-32.40;1;0
0000021033;-40.55;-7.85;-32.35;1;0
0000021073;-40.60;-7.85;-32.25;1;0
0000021124;-40.65;-7.85;-32.15;1;0
0000021131;-40.75;-7.80;-32.10;1;0
0000021173;-40.85;-7.80;-32.00;1;0
0000021179;-40.90;-7.75;-31.95;1;0
0000021181;-41.00;-7.75;-31.95;1;0
0000021220;-41.10;-7.75;-31.95;1;0
0000021226;-41.15;-7.75;-31.95;1;0
0000021237;-41.20;-7.80;-31.90;1;0
0000021240;-41.25;-7.80;-31.85;1;0
0000021275;-41.35;-7.75;-31.70;1;0
0000021283;-41.40;-7.70;-31.65;1;0
0000021324;-41.45;-7.65;-31.55;1;0
0000021375;-41.50;-7.65;-31.50;1;0
0000021381;-41.60;-7.65;-31.45;1;0
0000021426;-41.70;-7.65;-31.45;1;0
0000021435;-41.70;-7.70;-31.35;1;0
0000021474;-41.80;-7.65;-31.30;1;0
0000021480;-41.85;-7.65;-31.25;1;0
0000021517;-41.95;-7.60;-31.25;1;0
0000021525;-42.00;-7.60;-31.25;1;0
0000021534;-42.05;-7.60;-31.20;1;0
0000021558;-42.15;-7.55;-31.20;1;0
0000021561;-42.25;-7.55;-31.15;1;0
0000021563;-42.25;-7.50;-31.10;1;0
0000021586;-42.30;-7.40;-31.00;1;0
0000021594;-42.35;-7.40;-31.00;1;0
0000021625;-42.45;-7.35;-31.00;1;0
0000021655;-42.45;-7.25;-31.00;1;0
0000021660;-42.50;-7.25;-30.95;1;0
0000021683;-42.55;-7.20;-30.90;1;0
0000021723;-42.65;-7.20;-30.85;1;0
0000021726;-42.75;-7.20;-30.75;1;0
0000021758;-42.90;-7.10;-30.65;1;0
0000021788;-42.90;-7.05;-30.65;1;0
0000021790;-43.00;-7.00;-30.55;1;0
0000021817;-43.05;-6.95;-30.45;1;0
0000021822;-43.15;-6.95;-30.35;1;0
0000021854;-43.25;-6.85;-30.30;1;0
0000021864;-43.30;-6.80;-30.25;1;0
0000021889;-43.35;-6.75;-30.25;1;0
0000021922;-43.40;-6.70;-30.15;1;0
0000021926;-43.45;-6.65;-30.10;1;0
0000021949;-43.55;-6.65;-30.05;1;0
0000021993;-43.55;-6.55;-30.00;1;0
0000021997;-43.60;-6.55;-29.95;1;0
0000022016;-43.70;-6.55;-29.85;1;0
0000022045;-43.75;-6.55;-29.80;1;0
0000022091;-43.90;-6.55;-29.80;1;0
0000022143;-44.05;-6.45;-29.60;1;0
0000022145;-44.15;-6.40;-29.55;1;0
0000022192;-44.25;-6.35;-29.55;1;0
0000022242;-44.25;-6.35;-29.50;1;0
0000022253;-44.35;-6.25;-29.40;1;0
0000022298;-44.45;-6.15;-29.35;1;0
0000022334;-44.55;-6.10;-29.30;1;0
0000022343;-44.60;-6.10;-29.30;1;0
0000022345;-44.65;-6.00;-29.30;1;0
0000022347;-44.75;-5.90;-29.10;1;0
0000022370;-44.80;-5.75;-28.95;1;0
0000022380;-44.85;-5.70;-28.90;1;0
0000022412;-44.95;-5.65;-28.85;1;0
0000022434;-45.00;-5.60;-28.75;1;0
0000022448;-45.05;-5.60;-28.70;1;0
0000022493;-45.15;-5.55;-28.65;1;0
0000022537;-45.25;-5.55;-28.55;1;0
0000022556;-45.30;-5.50;-28.55;1;0
0000022601;-45.40;-5.50;-28.55;1;0
0000022602;-45.50;-5.45;-28.50;1;0
0000022634;-45.55;-5.35;-28.50;1;0
0000022669;-45.85;-5.05;-28.15;1;1
0000022681;-45.85;-5.05;-28.05;1;1
0000022700;-45.90;-4.95;-28.05;1;1
0000022746;-45.95;-4.95;-28.00;1;1
0000022750;-46.00;-4.90;-28.00;1;1
0000022758;-46.00;-4.80;-27.90;1;1
0000022775;-46.05;-4.75;-27.85;1;1
0000022802;-46.10;-4.75;-27.80;1;1
0000022813;-46.15;-4.70;-27.75;1;1
0000022842;-46.15;-4.65;-27.75;1;1
0000022853;-46.15;-4.60;-27.75;1;1
0000022876;-46.25;-4.55;-27.70;0;1
0000022932;-46.30;-4.45;-27.70;0;1
0000022948;-46.45;-4.30;-27.50;0;1
0000022968;-46.45;-4.25;-27.40;0;1
0000023009;-46.45;-4.15;-27.40;0;1
0000023013;-46.45;-4.15;-27.40;0;1
0000023034;-46.50;-4.15;-27.40;0;1
0000023044;-46.50;-4.15;-27.30;0;1
0000023107;-46.60;-4.05;-27.25;0;1
0000023111;-46.65;-4.00;-27.20;0;1
0000023129;-46.75;-3.95;-27.05;0;1
0000023138;-46.85;-3.95;-26.95;0;1
0000023157;-46.90;-3.85;-26.85;0;1
0000023187;-46.95;-3.75;-26.80;0;1
0000023198;-47.05;-3.65;-26.70;0;1
0000023232;-47.10;-3.65;-26.70;0;1
0000023260;-47.10;-3.60;-26.70;0;1
0000023290;-47.15;-3.55;-26.65;0;1
0000023299;-47.15;-3.45;-26.60;0;1
0000023320;-47.20;-3.40;-26.60;0;1
0000023356;-47.20;-3.35;-26.60;0;1
0000023392;-47.30;-3.30;-26.50;0;1
0000023429;-47.35;-3.25;-26.45;0;1
0000023456;-47.45;-3.15;-26.45;0;1
0000023488;-47.45;-3.10;-26.40;0;1
0000023524;-47.55;-2.95;-26.30;0;1
0000023551;-47.55;-2.95;-26.20;0;1
0000023648;-47.60;-2.90;-26.10;0;1
0000023657;-47.65;-2.85;-26.10;0;1
0000023662;-47.70;-2.70;-26.00;0;1
0000023689;-47.80;-2.60;-25.90;0;1
0000023726;-47.85;-2.55;-25.85;0;1
0000023763;-47.90;-2.50;-25.85;0;1
0000023798;-47.95;-2.40;-25.75;0;1
0000023830;-47.95;-2.35;-25.70;0;1
0000023837;-47.95;-2.35;-25.70;0;1
0000023875;-48.00;-2.30;-25.70;0;1
0000023903;-48.00;-2.25;-25.70;0;1
0000023932;-48.15;-2.20;-25.65;0;1
0000024076;-48.15;-2.15;-25.60;0;1
0000024119;-48.25;-2.10;-25.50;0;1
0000024124;-48.30;-2.05;-25.50;0;1
0000024135;-48.40;-2.05;-25.50;0;1
0000024140;-48.50;-2.00;-25.45;0;1
0000024177;-48.60;-2.00;-25.40;0;1
0000024220;-48.70;-1.95;-25.35;0;1
0000024238;-48.75;-1.85;-25.30;0;1
0000024289;-48.80;-1.80;-25.20;0;1
0000024318;-48.95;-1.70;-25.10;0;1
0000024369;-49.10;-1.45;-24.90;0;1
0000024385;-49.20;-1.35;-24.90;0;1
0000024431;-49.30;-1.30;-24.85;0;1
0000024583;-49.35;-1.20;-24.80;0;1
0000024586;-49.40;-1.20;-24.75;0;1
0000024625;-49.50;-1.15;-24.70;0;1
0000024634;-49.60;-1.10;-24.70;0;1
0000024674;-49.60;-1.10;-24.65;0;1
0000024684;-49.65;-1.05;-24.60;0;1
0000024718;-49.70;-1.00;-24.55;0;1
0000024784;-49.80;-1.00;-24.45;0;1
0000024790;-49.85;-1.00;-24.40;0;1
0000024816;-49.95;-0.90;-24.40;0;1
0000024824;-50.10;-0.70;-24.20;0;1
0000024862;-50.15;-0.65;-24.20;0;1
0000024895;-50.20;-0.60;-24.15;0;1
0000024922;-50.20;-0.50;-24.15;0;1
0000024930;-50.30;-0.50;-24.15;0;1
0000025000;-50.30;-0.50;-24.05;0;1
0000025023;-50.35;-0.40;-24.00;0;1
0000025034;-50.40;-0.30;-23.95;0;1
0000025062;-50.45;-0.25;-23.90;0;1
0000025093;-50.50;-0.25;-23.85;0;1
0000025115;-50.65;-0.15;-23.70;0;1
0000025153;-50.70;-0.05;-23.70;0;1
0000025188;-50.75;0.00;-23.65;0;1
0000025231;-50.80;0.10;-23.60;0;1
0000025261;-50.85;0.15;-23.55;0;1
0000025289;-50.95;0.15;-23.50;0;1
0000025324;-51.10;0.25;-23.35;0;1
0000025366;-51.15;0.30;-23.30;0;1
0000025420;-51.15;0.40;-23.25;0;1
0000025428;-51.20;0.40;-23.20;0;1
0000025430;-51.20;0.45;-23.15;0;1
0000025465;-51.30;0.50;-23.15;0;1
0000025516;-51.30;0.55;-23.10;0;1
0000025559;-51.30;0.55;-23.05;0;1
0000025612;-51.40;0.60;-23.00;0;1
0000025667;-51.45;0.70;-22.95;0;1
0000025728;-51.60;0.85;-22.80;0;1
0000025748;-51.70;1.00;-22.70;0;1
0000025760;-51.75;1.05;-22.65;0;1
0000025792;-51.85;1.15;-22.50;0;1
0000025824;-52.05;1.20;-22.40;0;1
0000025855;-52.10;1.20;-22.30;0;1
0000025892;-52.10;1.30;-22.30;0;1
0000025927;-52.20;1.30;-22.25;0;0
0000025958;-52.30;1.40;-22.20;0;0
0000025986;-52.50;1.50;-22.05;0;0
0000026026;-52.55;1.50;-22.05;0;0
0000026047;-52.55;1.55;-21.95;0;0
0000026078;-52.65;1.60;-21.95;0;0
0000026101;-52.70;1.65;-21.90;0;0
0000026134;-52.75;1.65;-21.80;0;0
0000026163;-52.80;1.75;-21.75;0;0
0000026189;-52.90;1.80;-21.70;0;0
0000026222;-52.90;1.85;-21.70;0;0
0000026255;-52.90;1.85;-21.65;0;0
0000026288;-52.90;1.85;-21.65;0;0
0000026317;-52.95;1.90;-21.60;0;0
0000026320;-53.00;1.95;-21.60;0;0
0000026357;-53.05;2.00;-21.60;0;0
0000026389;-53.05;2.00;-21.55;0;0
0000026414;-53.05;2.05;-21.55;0;0
0000026450;-53.15;2.05;-21.45;0;0
0000026487;-53.15;2.15;-21.45;0;0
0000026490;-53.20;2.25;-21.35;0;0
0000026522;-53.25;2.25;-21.35;0;0
0000026621;-53.30;2.35;-21.30;0;0
0000026638;-53.30;2.35;-21.20;0;0
0000026681;-53.30;2.35;-21.10;0;0
0000026723;-53.35;2.45;-21.10;0;0
0000026768;-53.40;2.45;-21.10;0;0
0000026779;-53.45;2.45;-21.00;0;0
0000026804;-53.60;2.45;-20.85;0;0
0000026808;-53.65;2.50;-20.80;0;0
0000026836;-53.65;2.60;-20.80;0;0
0000026862;-53.75;2.60;-20.75;0;0
0000026890;-53.85;2.65;-20.65;1;0
0000026939;-53.90;2.75;-20.65;1;0
0000026973;-53.90;2.80;-20.55;1;0
0000026983;-53.90;2.90;-20.50;1;0
0000027007;-53.95;2.95;-20.45;1;0
0000027093;-54.00;3.00;-20.35;1;0
0000027143;-54.00;3.05;-20.25;1;0
0000027158;-54.00;3.05;-20.20;1;0
0000027211;-54.10;3.10;-20.10;1;0
0000027219;-54.10;3.20;-20.10;1;0
0000027270;-54.15;3.20;-20.10;1;0
0000027303;-54.25;3.25;-20.05;1;0
0000027316;-54.30;3.35;-20.00;1;0
0000027349;-54.35;3.35;-19.95;1;0
0000027411;-54.45;3.40;-19.95;1;0
0000027472;-54.55;3.45;-19.95;1;0
0000027480;-54.60;3.55;-19.90;1;0
0000027523;-54.65;3.65;-19.85;1;0
0000027531;-54.75;3.70;-19.85;1;0
0000027577;-54.75;3.80;-19.85;1;0
0000027588;-54.80;3.90;-19.80;1;0
0000027632;-54.85;3.95;-19.75;1;0
0000027642;-54.90;4.00;-19.65;1;0
0000027653;-54.95;4.00;-19.55;1;0
0000027708;-55.00;4.05;-19.45;1;0
0000027751;-55.05;4.05;-19.40;1;0
0000027771;-55.05;4.10;-19.35;1;0
0000027775;-55.05;4.15;-19.25;1;0
0000027812;-55.10;4.20;-19.05;1;0
0000027837;-55.15;4.30;-19.05;1;0
0000027844;-55.25;4.35;-19.05;1;0
0000027876;-55.25;4.40;-19.05;1;0
0000027908;-55.25;4.45;-18.95;1;0
0000027922;-55.35;4.55;-18.85;1;0
0000027958;-55.45;4.60;-18.85;1;0
0000027994;-55.45;4.70;-18.85;1;0
0000028027;-55.55;4.75;-18.80;1;0
0000028050;-55.55;4.80;-18.75;1;0
0000028095;-55.60;4.80;-18.70;1;0
0000028124;-55.65;4.90;-18.65;1;0
0000028129;-55.75;4.95;-18.60;1;0
0000028161;-55.80;5.00;-18.55;1;0
0000028188;-55.90;5.05;-18.50;1;0
0000028207;-55.90;5.15;-18.45;1;0
0000028238;-55.95;5.20;-18.40;1;0
0000028261;-56.00;5.20;-18.35;1;0
0000028285;-56.10;5.30;-18.25;1;0
0000028324;-56.15;5.30;-18.15;1;0
0000028355;-56.25;5.35;-18.15;1;0
0000028388;-56.35;5.40;-18.10;1;0
0000028420;-56.35;5.50;-18.05;1;0
0000028427;-56.40;5.50;-18.00;1;0
0000028459;-56.50;5.60;-18.00;1;0
0000028475;-56.55;5.65;-17.90;1;0
0000028523;-56.55;5.65;-17.90;1;0
0000028539;-56.55;5.75;-17.90;1;0
0000028572;-56.60;5.75;-17.90;1;0
0000028613;-56.70;5.75;-17.80;1;0
0000028648;-56.70;5.75;-17.80;1;0
0000028675;-56.75;5.80;-17.75;1;0
0000028682;-56.80;5.85;-17.70;1;0
0000028714;-56.90;5.95;-17.65;1;0
0000028770;-56.95;6.00;-17.65;1;0
0000028779;-57.00;6.00;-17.60;1;0
0000028805;-57.10;6.05;-17.55;1;0
0000028844;-57.15;6.10;-17.45;1;0
0000028873;-57.25;6.15;-17.35;1;0
0000028904;-57.35;6.25;-17.25;1;0
0000028937;-57.35;6.30;-17.25;1;0
0000028970;-57.45;6.35;-17.25;1;0
0000029002;-57.50;6.40;-17.15;1;0
0000029030;-57.50;6.45;-17.10;1;0
0000029045;-57.50;6.50;-17.05;1;0
0000029078;-57.50;6.60;-17.05;1;0
0000029116;-57.50;6.65;-17.00;1;0
0000029162;-57.50;6.65;-17.00;1;0
0000029204;-57.50;6.65;-16.95;1;0
0000029222;-57.55;6.70;-16.90;1;0
0000029249;-57.60;6.80;-16.80;1;0
0000029284;-57.65;6.90;-16.70;1;0
0000029316;-57.65;7.00;-16.70;1;0
0000029328;-57.70;7.10;-16.60;1;0
0000029336;-57.70;7.15;-16.50;1;0
0000029360;-57.75;7.20;-16.45;1;0
0000029396;-57.80;7.30;-16.35;1;0
0000029414;-57.85;7.40;-16.30;1;0
0000029466;-57.85;7.40;-16.30;1;0
0000029490;-57.85;7.45;-16.30;1;0
0000029530;-57.85;7.55;-16.15;1;0
0000029558;-57.90;7.65;-16.10;1;0
0000029598;-57.90;7.75;-16.00;1;0
0000029633;-57.90;7.85;-15.95;1;0
0000029669;-57.90;7.95;-15.85;1;0
0000029698;-58.00;8.00;-15.80;1;0
0000029711;-58.10;8.10;-15.70;1;0
0000029749;-58.15;8.15;-15.65;1;0
0000029776;-58.20;8.25;-15.60;1;0
0000029808;-58.25;8.40;-15.45;1;0
0000029854;-58.30;8.50;-15.40;1;0
0000029909;-58.35;8.60;-15.40;1;0
0000029961;-58.40;8.65;-15.40;1;0
0000030010;-58.45;8.70;-15.40;1;0
0000030056;-58.50;8.75;-15.40;1;0
0000030063;-58.50;8.80;-15.30;1;0
0000030069;-58.60;8.80;-15.30;1;0
0000030093;-58.65;8.80;-15.20;1;0
0000030096;-58.65;8.85;-15.10;1;0
0000030104;-58.65;8.90;-15.05;1;0
0000030125;-58.65;8.90;-15.05;1;0
0000030157;-58.75;8.90;-14.95;1;0
0000030164;-58.80;8.95;-14.85;1;0
0000030298;-58.85;9.15;-14.85;1;0
0000030308;-58.90;9.20;-14.85;1;0
0000030352;-58.95;9.25;-14.75;1;0
0000030361;-58.95;9.30;-14.75;0;0
0000030407;-59.05;9.35;-14.60;0;0
0000030416;-59.10;9.40;-14.55;0;0
0000030424;-59.25;9.50;-14.45;0;0
0000030426;-59.30;9.50;-14.45;0;0
0000030476;-59.45;9.45;-14.30;0;0
0000030483;-59.55;9.35;-14.25;0;0
0000030535;-59.65;9.10;-14.10;0;0
0000030572;-59.70;8.95;-14.10;0;0
0000030655;-60.30;7.60;-13.60;0;0
0000030662;-60.30;7.40;-13.50;0;0
0000030710;-60.40;7.25;-13.45;0;0
0000030718;-60.40;7.05;-13.45;0;0
0000030765;-60.50;6.80;-13.40;0;0
0000030778;-60.55;6.65;-13.40;0;0
0000030824;-60.65;6.35;-13.20;0;0
0000030831;-60.70;6.15;-13.15;0;0
0000030835;-60.80;6.00;-13.10;0;0
0000030877;-60.85;5.85;-13.05;0;0
0000030932;-60.95;5.70;-13.00;0;0
0000030940;-60.95;5.55;-13.00;0;0
0000030979;-61.10;5.30;-12.85;0;0
0000030995;-61.10;5.20;-12.80;0;0
0000031011;-61.15;4.95;-12.70;0;0
0000031060;-61.30;4.55;-12.60;0;0
0000031075;-61.35;4.40;-12.60;0;0
0000031123;-61.55;4.10;-12.50;0;0
0000031139;-61.60;3.90;-12.40;0;0
0000031146;-61.65;3.80;-12.35;0;0
0000031186;-61.65;3.45;-12.30;0;0
0000031206;-61.70;3.25;-12.25;0;0
0000031270;-61.85;2.95;-12.15;0;0
0000031313;-61.90;2.80;-12.10;0;0
0000031329;-62.00;2.65;-12.10;0;0
0000031379;-62.20;2.15;-12.00;0;0
0000031386;-62.25;1.95;-11.95;0;0
0000031392;-62.30;1.75;-11.95;0;0
0000031424;-62.40;1.55;-11.95;0;0
0000031440;-62.50;1.45;-11.90;0;0
0000031456;-62.65;1.05;-11.70;0;0
0000031519;-62.95;0.55;-11.40;0;0
0000031528;-62.95;0.45;-11.40;0;0
0000031587;-63.00;0.05;-11.30;0;0
0000031647;-63.10;-0.05;-11.30;0;0
0000031662;-63.05;-0.20;-11.20;0;0
0000031709;-62.95;-0.55;-11.05;0;0
0000031759;-62.85;-1.15;-10.90;0;0
0000031773;-62.85;-1.35;-10.80;0;0
0000031821;-62.65;-1.80;-10.65;0;0
0000031849;-62.55;-2.40;-10.55;0;0
0000031900;-62.35;-2.95;-10.45;0;0
0000031916;-62.30;-3.10;-10.40;0;0
0000031980;-62.20;-3.40;-10.30;0;0
0000032030;-62.15;-3.60;-10.25;0;0
0000032076;-61.90;-4.25;-9.95;0;0
0000032140;-61.65;-4.85;-9.70;0;0
0000032155;-61.50;-5.25;-9.55;0;0
0000032188;-61.25;-5.70;-9.45;0;0
0000032203;-61.10;-6.30;-9.25;0;0
0000032238;-61.10;-6.40;-9.20;0;0
0000032240;-61.05;-6.55;-9.15;0;0
0000032267;-61.00;-6.70;-9.15;0;0
0000032304;-60.85;-6.95;-9.05;0;0
0000032347;-60.70;-7.35;-8.90;0;0
0000032378;-60.70;-7.70;-8.80;0;0
0000032411;-60.50;-8.20;-8.60;0;0
0000032442;-60.40;-8.35;-8.55;0;0
0000032452;-60.35;-8.55;-8.50;0;0
0000032456;-60.30;-8.75;-8.50;0;0
0000032489;-60.20;-8.90;-8.45;0;0
0000032510;-60.15;-9.05;-8.40;0;0
0000032556;-60.10;-9.20;-8.30;0;0
0000032570;-60.10;-9.30;-8.25;0;0
0000032609;-60.05;-9.45;-8.20;0;0
0000032644;-60.00;-9.60;-8.10;0;0
0000032650;-59.95;-9.55;-8.10;0;0
0000032676;-59.70;-9.20;-7.90;0;0
0000032710;-59.60;-9.10;-7.75;0;0
0000032715;-59.55;-9.10;-7.65;0;0
0000032725;-59.50;-9.10;-7.65;0;0
0000032748;-59.45;-9.05;-7.50;0;0
0000032755;-59.40;-9.00;-7.50;0;0
0000032791;-59.30;-8.95;-7.50;0;0
0000032800;-59.20;-8.90;-7.45;0;0
0000032806;-59.15;-8.80;-7.45;0;0
0000032828;-59.15;-8.70;-7.45;0;0
0000032833;-59.10;-8.65;-7.40;0;0
0000032867;-59.00;-8.65;-7.40;0;0
0000032872;-58.95;-8.55;-7.30;0;0
0000032925;-58.85;-8.55;-7.30;0;0
0000032930;-58.80;-8.50;-7.20;0;0
0000032967;-58.75;-8.45;-7.05;0;1
0000033001;-58.70;-8.35;-7.00;0;1
0000033015;-58.65;-8.30;-6.95;0;1
0000033017;-58.60;-8.30;-6.95;0;1
0000033047;-58.55;-8.30;-6.95;0;1
0000033079;-58.40;-8.10;-6.80;0;1
0000033131;-58.35;-8.05;-6.75;0;1
0000033159;-58.25;-7.95;-6.70;0;1
0000033168;-58.25;-7.95;-6.60;0;1
0000033223;-58.20;-7.90;-6.50;0;1
0000033240;-58.15;-7.85;-6.40;0;1
0000033286;-58.10;-7.75;-6.35;0;1
0000033336;-58.00;-7.65;-6.30;0;1
0000033348;-57.95;-7.60;-6.25;0;1
0000033395;-57.85;-7.55;-6.10;0;1
0000033404;-57.80;-7.50;-6.00;0;1
0000033444;-57.75;-7.45;-5.90;0;1
0000033504;-57.70;-7.30;-5.85;0;1
0000033555;-57.60;-7.20;-5.75;0;1
0000033573;-57.50;-7.10;-5.65;0;1
0000033574;-57.45;-7.00;-5.60;0;1
0000033576;-57.40;-6.90;-5.60;0;1
0000033618;-57.35;-6.85;-5.55;0;1
0000033666;-57.20;-6.70;-5.50;0;1
0000033671;-57.10;-6.65;-5.40;0;1
0000033717;-57.00;-6.55;-5.40;0;1
0000033745;-56.90;-6.50;-5.40;0;1
0000033753;-56.85;-6.40;-5.25;0;1
0000033759;-56.75;-6.35;-5.20;0;1
0000033781;-56.70;-6.25;-5.20;0;1
0000033786;-56.65;-6.05;-5.05;0;1
0000033812;-56.55;-6.05;-5.00;0;1
0000033842;-56.50;-5.95;-4.95;0;1
0000033853;-56.50;-5.95;-4.95;0;1
0000033875;-56.45;-5.85;-4.85;0;1
0000033880;-56.45;-5.80;-4.85;0;1
0000033910;-56.35;-5.75;-4.80;0;1
0000033957;-56.25;-5.65;-4.60;0;1
0000033994;-56.20;-5.55;-4.55;0;1
0000034001;-56.10;-5.50;-4.55;0;1
0000034030;-56.00;-5.50;-4.55;0;1
0000034056;-55.90;-5.50;-4.45;0;1
0000034067;-55.75;-5.30;-4.45;0;1
0000034096;-55.70;-5.30;-4.45;0;1
0000034117;-55.70;-5.25;-4.40;0;1
0000034150;-55.60;-5.20;-4.30;0;1
0000034183;-55.55;-5.15;-4.25;0;1
0000034213;-55.50;-5.05;-4.15;0;1
0000034222;-55.50;-5.00;-4.05;0;1
0000034247;-55.45;-5.00;-4.05;0;1
0000034252;-55.35;-5.00;-3.95;0;1
0000034274;-55.30;-4.95;-3.90;0;1
0000034315;-55.30;-4.90;-3.90;0;1
0000034345;-55.30;-4.85;-3.90;0;1
0000034352;-55.10;-4.85;-3.80;0;1
0000034407;-55.00;-4.80;-3.75;0;1
0000034453;-54.95;-4.75;-3.70;0;1
0000034466;-54.90;-4.65;-3.65;0;1
0000034528;-54.85;-4.55;-3.65;0;1
0000034573;-54.80;-4.50;-3.65;0;1
0000034575;-54.75;-4.40;-3.55;0;1
0000034624;-54.70;-4.35;-3.55;0;1
0000034632;-54.65;-4.35;-3.50;0;1
0000034669;-54.55;-4.20;-3.35;0;1
0000034683;-54.55;-4.20;-3.30;0;1
0000034731;-54.45;-4.15;-3.25;0;1
0000034752;-54.20;-4.05;-3.10;0;1
0000034765;-54.10;-4.00;-3.05;0;1
0000034778;-54.10;-3.95;-3.05;0;1
0000034799;-53.95;-3.80;-2.90;0;1
0000034826;-53.90;-3.70;-2.85;0;1
0000034833;-53.80;-3.65;-2.75;0;1
0000034864;-53.75;-3.65;-2.75;0;1
0000034893;-53.60;-3.60;-2.65;0;1
0000034921;-53.45;-3.50;-2.50;0;1
0000034952;-53.40;-3.40;-2.45;0;1
0000035000;-53.40;-3.35;-2.45;0;1
0000035007;-53.30;-3.25;-2.40;0;1
0000035034;-53.20;-3.20;-2.30;0;1
0000035064;-53.10;-3.05;-2.20;0;1
0000035087;-53.00;-3.05;-2.15;0;1
0000035095;-52.90;-3.05;-2.10;0;1
0000035127;-52.90;-2.95;-2.05;0;1
0000035161;-52.85;-2.85;-2.00;0;1
0000035193;-52.80;-2.75;-1.95;0;1
0000035235;-52.70;-2.70;-1.80;0;1
0000035259;-52.60;-2.60;-1.70;0;1
0000035296;-52.50;-2.55;-1.65;0;1
0000035303;-52.45;-2.45;-1.60;0;1
0000035317;-52.45;-2.45;-1.60;0;1
0000035349;-52.40;-2.35;-1.50;0;1
0000035365;-52.30;-2.25;-1.40;0;1
0000035396;-52.25;-2.20;-1.40;0;1
0000035421;-52.10;-2.20;-1.25;0;1
0000035428;-52.05;-2.15;-1.15;0;1
0000035461;-52.00;-2.05;-1.15;0;1
0000035492;-51.95;-2.05;-1.15;0;1
0000035524;-51.85;-1.90;-1.05;0;1
0000035555;-51.75;-1.80;-0.95;0;1
0000035587;-51.75;-1.80;-0.90;0;1
0000035620;-51.70;-1.65;-0.80;0;1
0000035663;-51.65;-1.65;-0.80;0;1
0000035671;-51.55;-1.60;-0.75;0;1
0000035694;-51.50;-1.60;-0.65;0;1
0000035726;-51.40;-1.55;-0.65;0;1
0000035734;-51.30;-1.50;-0.65;0;1
0000035764;-51.30;-1.45;-0.60;0;1
0000035793;-51.30;-1.45;-0.50;0;1
0000035805;-51.20;-1.40;-0.40;0;1
0000035829;-51.15;-1.25;-0.30;0;1
0000035857;-51.10;-1.25;-0.30;0;1
0000035867;-51.10;-1.20;-0.25;0;1
0000035893;-51.10;-1.10;-0.25;0;1
0000035904;-51.10;-1.05;-0.20;0;1
0000035937;-51.10;-1.05;-0.20;0;1
0000035981;-51.05;-0.90;-0.15;0;1
0000035984;-51.05;-0.80;-0.10;0;1
0000036014;-51.00;-0.80;-0.05;0;1
0000036017;-51.00;-0.75;-0.05;0;1
0000036048;-50.90;-0.75;0.00;0;1
0000036085;-50.80;-0.70;0.00;0;1
0000036118;-50.75;-0.65;0.00;0;1
0000036124;-50.65;-0.60;0.00;0;1
0000036133;-50.60;-0.60;0.10;0;1
0000036137;-50.55;-0.60;0.15;0;1
0000036157;-50.45;-0.60;0.25;0;1
0000036193;-50.45;-0.60;0.35;0;1
0000036196;-50.35;-0.60;0.45;0;1
0000036224;-50.25;-0.55;0.55;0;1
0000036253;-50.15;-0.45;0.75;0;1
0000036293;-50.05;-0.45;0.80;1;1
0000036299;-50.05;-0.35;0.80;1;1
0000036332;-50.00;-0.25;0.90;1;1
0000036335;-49.95;-0.25;0.90;1;1
0000036353;-49.90;-0.25;0.90;1;1
0000036382;-49.85;-0.15;0.95;1;1
0000036399;-49.75;-0.05;1.05;1;1
0000036415;-49.75;0.00;1.10;1;1
0000036431;-49.70;0.05;1.15;1;1
0000036446;-49.70;0.15;1.25;1;1
0000036489;-49.60;0.20;1.35;1;1
0000036491;-49.55;0.25;1.40;1;0
0000036526;-49.50;0.35;1.45;1;0
0000036531;-49.50;0.35;1.50;1;0
0000036558;-49.45;0.40;1.50;1;0
0000036591;-49.45;0.50;1.50;1;0
0000036593;-49.45;0.60;1.55;1;0
0000036626;-49.45;0.65;1.65;1;0
0000036634;-49.40;0.65;1.70;1;0
0000036660;-49.30;0.70;1.80;1;0
0000036688;-49.30;0.75;1.80;1;0
0000036695;-49.25;0.85;1.85;1;0
0000036727;-49.25;0.90;1.90;1;0
0000036732;-49.15;0.95;1.90;1;0
0000036756;-49.05;1.05;2.00;1;0
0000036782;-49.00;1.10;2.10;1;0
0000036807;-48.95;1.15;2.15;1;0
0000036813;-48.95;1.20;2.20;1;0
0000036858;-48.85;1.25;2.25;1;0
0000036864;-48.85;1.35;2.25;1;0
0000036911;-48.80;1.40;2.30;1;0
0000036915;-48.75;1.40;2.30;1;0
0000036917;-48.70;1.45;2.40;1;0
0000036954;-48.65;1.50;2.40;1;0
0000036960;-48.60;1.50;2.40;1;0
0000037001;-48.55;1.55;2.40;1;0
0000037023;-48.50;1.60;2.50;1;0
0000037025;-48.40;1.65;2.50;1;0
0000037033;-48.35;1.75;2.50;1;0
0000037053;-48.35;1.85;2.50;1;0
0000037079;-48.30;1.85;2.55;1;0
0000037097;-48.25;1.90;2.65;1;0
0000037118;-48.25;1.90;2.65;1;0
0000037133;-48.20;1.95;2.65;1;0
0000037147;-48.20;1.95;2.65;1;0
0000037182;-48.15;2.00;2.70;1;0
0000037195;-48.05;2.05;2.70;1;0
0000037211;-47.95;2.05;2.80;1;0
0000037232;-47.90;2.15;2.85;1;0
0000037269;-47.90;2.20;2.85;1;0
0000037275;-47.90;2.20;2.85;1;0
0000037310;-47.90;2.25;2.95;1;0
0000037316;-47.90;2.25;3.00;1;0
0000037336;-47.80;2.25;3.10;1;0
0000037386;-47.80;2.25;3.15;1;0
0000037395;-47.70;2.40;3.25;1;0
0000037428;-47.70;2.45;3.30;1;0
0000037432;-47.60;2.50;3.30;1;0
0000037459;-47.55;2.55;3.40;1;0
0000037528;-47.50;2.65;3.40;1;0
0000037535;-47.50;2.70;3.45;1;0
0000037571;-47.45;2.75;3.50;1;0
0000037577;-47.40;2.75;3.55;1;0
0000037613;-47.35;2.90;3.60;1;0
0000037620;-47.35;2.95;3.60;1;0
0000037720;-47.30;2.95;3.65;1;0
0000037752;-47.20;3.10;3.65;1;0
0000037792;-47.20;3.15;3.75;1;0
0000037799;-47.15;3.25;3.80;1;0
0000037803;-47.10;3.25;3.80;1;0
0000037831;-47.00;3.35;3.90;1;0
0000037843;-46.95;3.40;4.00;1;0
0000037868;-46.95;3.50;4.05;1;0
0000037871;-46.90;3.55;4.10;1;0
0000037906;-46.85;3.65;4.15;1;0
0000037920;-46.85;3.65;4.20;1;0
0000037948;-46.80;3.65;4.20;1;0
0000037985;-46.80;3.70;4.25;1;0
0000038018;-46.70;3.75;4.30;1;0
0000038021;-46.65;3.80;4.35;1;0
0000038052;-46.60;3.85;4.35;1;0
0000038061;-46.55;3.90;4.45;1;0
0000038063;-46.50;3.90;4.45;1;0
0000038130;-46.35;4.05;4.50;1;0
0000038138;-46.35;4.15;4.50;1;0
0000038163;-46.35;4.20;4.55;1;0
0000038200;-46.35;4.20;4.60;1;0
0000038228;-46.30;4.25;4.60;1;0
0000038247;-46.25;4.30;4.70;1;0
0000038277;-46.20;4.45;4.95;1;0
0000038288;-46.20;4.50;5.00;1;0
0000038322;-46.10;4.50;5.05;1;0
0000038333;-46.10;4.50;5.05;1;0
0000038351;-46.00;4.55;5.10;1;0
0000038365;-45.90;4.60;5.15;1;0
0000038427;-45.90;4.70;5.20;1;0
0000038431;-45.85;4.75;5.25;1;0
0000038469;-45.75;4.85;5.40;1;0
0000038503;-45.70;4.95;5.45;1;0
0000038540;-45.65;5.05;5.55;1;0
0000038552;-45.55;5.10;5.65;1;0
0000038573;-45.35;5.25;5.90;1;1
0000038621;-45.25;5.25;5.90;1;1
0000038635;-45.05;5.50;6.05;1;1
0000038667;-45.00;5.55;6.05;1;1
0000038700;-45.00;5.60;6.10;1;1
0000038707;-45.00;5.70;6.15;1;1
0000038747;-44.90;5.75;6.20;1;1
0000038779;-44.80;5.75;6.25;1;1
0000038788;-44.75;5.85;6.30;1;1
0000038826;-44.75;5.95;6.40;1;1
0000038832;-44.70;6.05;6.45;1;1
0000038859;-44.60;6.20;6.55;1;1
0000038897;-44.50;6.30;6.65;1;1
0000038929;-44.50;6.40;6.70;1;1
0000038931;-44.35;6.45;6.75;1;1
0000038933;-44.25;6.50;6.80;1;1
0000038964;-44.20;6.50;6.90;1;1
0000038988;-44.20;6.55;6.95;1;1
0000039017;-44.05;6.65;7.05;1;1
0000039036;-43.95;6.75;7.10;1;1
0000039055;-43.90;6.75;7.10;1;1
0000039105;-43.85;6.75;7.20;1;1
0000039107;-43.85;6.80;7.25;1;1
0000039114;-43.85;6.90;7.35;1;1
0000039165;-43.85;6.90;7.45;1;1
0000039183;-43.65;6.95;7.50;1;1
0000039198;-43.55;6.95;7.55;1;1
0000039215;-43.55;6.95;7.60;1;1
0000039230;-43.50;7.05;7.65;1;1
0000039257;-43.40;7.05;7.70;1;1
0000039287;-43.35;7.15;7.75;1;1
0000039291;-43.25;7.20;7.85;1;1
0000039318;-43.20;7.20;7.90;1;1
0000039341;-43.20;7.25;7.95;1;1
0000039352;-43.20;7.25;8.05;1;1
0000039385;-43.10;7.35;8.05;1;1
0000039401;-43.05;7.40;8.15;1;1
0000039414;-43.00;7.40;8.15;1;1
0000039444;-42.90;7.45;8.20;1;1
0000039477;-42.85;7.50;8.25;1;1
0000039480;-42.80;7.60;8.25;1;1
0000039513;-42.70;7.70;8.25;1;1
0000039560;-42.60;7.70;8.25;1;1
0000039592;-42.55;7.75;8.35;1;1
0000039604;-42.50;7.75;8.35;1;1
0000039610;-42.50;7.80;8.40;1;1
0000039638;-42.45;7.85;8.50;1;1
0000039655;-42.40;7.95;8.50;1;1
0000039659;-42.30;7.95;8.50;1;1
0000039688;-42.30;8.05;8.55;1;1
0000039705;-42.25;8.15;8.55;1;1
0000039734;-42.20;8.20;8.55;1;1
0000039765;-42.15;8.25;8.60;1;1
0000039766;-42.05;8.25;8.70;1;1
0000039795;-41.85;8.45;8.75;1;1
0000039796;-41.75;8.45;8.80;1;1
0000039822;-41.70;8.50;8.80;1;1
0000039826;-41.60;8.60;8.85;1;1
0000039872;-41.50;8.70;8.90;1;1
0000039877;-41.50;8.70;9.00;1;1
0000039905;-41.45;8.80;9.00;1;1
0000039915;-41.45;8.80;9.00;1;1
0000039937;-41.40;8.80;9.10;1;1
0000039969;-41.35;8.85;9.10;1;1
0000039978;-41.35;8.90;9.15;1;1
0000040007;-41.35;8.95;9.20;1;1
0000040018;-41.30;8.95;9.20;1;1
0000040047;-41.20;9.00;9.20;1;1
0000040078;-41.20;9.05;9.30;1;1
0000040088;-41.15;9.10;9.40;1;1
0000040110;-41.05;9.20;9.50;1;1
0000040138;-41.00;9.25;9.55;1;1
0000040143;-40.95;9.35;9.55;1;1
0000040178;-40.90;9.35;9.55;1;1
0000040181;-40.85;9.45;9.60;1;1
0000040211;-40.85;9.45;9.65;1;1
0000040215;-40.75;9.50;9.70;1;1
0000040238;-40.75;9.55;9.75;1;1
0000040275;-40.70;9.40;9.75;1;1
0000040284;-40.60;9.25;9.80;1;1
0000040312;-40.60;9.10;9.85;1;1
0000040316;-40.60;9.00;9.95;1;1
0000040340;-40.55;8.90;10.00;1;1
0000040372;-40.55;8.80;10.00;1;1
0000040379;-40.50;8.65;10.05;1;1
0000040412;-40.45;8.55;10.05;1;1
0000040439;-40.45;8.40;10.10;1;1
0000040443;-40.35;8.30;10.20;1;1
0000040476;-40.35;8.15;10.25;1;1
0000040513;-40.20;7.85;10.45;1;1
0000040538;-40.10;7.55;10.45;1;1
0000040572;-40.00;7.25;10.50;1;1
0000040606;-39.90;6.90;10.55;1;1
0000040636;-39.70;6.65;10.65;1;1
0000040673;-39.60;6.35;10.80;1;1
0000040683;-39.55;6.15;10.90;1;1
0000040705;-39.50;5.95;11.00;1;1
0000040745;-39.35;5.60;11.10;1;1
0000040777;-39.20;5.30;11.25;1;1
0000040783;-39.15;5.10;11.30;1;1
0000040797;-39.10;4.90;11.35;1;1
0000040811;-39.10;4.75;11.45;1;1
0000040857;-39.00;4.55;11.45;1;1
0000040872;-38.95;4.35;11.50;1;1
0000040904;-38.85;4.10;11.55;1;1
0000040920;-38.85;3.95;11.65;1;1
0000040938;-38.75;3.80;11.75;1;1
0000040952;-38.70;3.60;11.75;1;1
0000040956;-38.65;3.50;11.80;1;1
0000041044;-38.55;3.35;11.80;1;1
0000041047;-38.55;3.15;11.85;1;1
0000041083;-38.35;2.45;12.15;1;1
0000041110;-38.35;2.35;12.25;1;1
0000041120;-38.25;2.20;12.35;1;1
0000041147;-38.20;2.00;12.35;1;1
0000041153;-38.15;1.85;12.35;1;1
0000041180;-38.10;1.75;12.35;0;1
0000041196;-38.00;1.60;12.40;0;1
0000041203;-37.85;1.35;12.50;0;1
0000041237;-37.80;1.25;12.50;0;1
0000041244;-37.70;1.05;12.55;0;1
0000041273;-37.65;0.85;12.65;0;1
0000041310;-37.55;0.75;12.70;0;1
0000041339;-37.50;0.65;12.75;0;1
0000041349;-37.50;0.50;12.80;0;1
0000041359;-37.45;0.40;12.80;0;1
0000041390;-37.40;0.30;12.90;0;1
0000041417;-37.35;0.15;13.00;0;1
0000041418;-37.30;0.05;13.10;0;1
0000041428;-37.05;-0.40;13.30;0;1
0000041449;-37.00;-0.55;13.35;0;1
0000041470;-36.95;-0.75;13.35;0;1
0000041482;-36.90;-0.95;13.40;0;1
0000041491;-36.85;-1.10;13.45;0;1
0000041523;-36.85;-1.20;13.45;0;1
0000041555;-36.65;-1.60;13.60;0;1
0000041587;-36.60;-1.90;13.75;0;1
0000041620;-36.65;-2.25;13.85;0;1
0000041632;-36.65;-2.35;13.95;0;1
0000041653;-36.60;-2.45;14.00;0;1
0000041674;-36.55;-2.55;14.10;0;1
0000041698;-36.45;-2.85;14.25;0;1
0000041717;-36.40;-2.95;14.30;0;1
0000041730;-36.35;-3.05;14.35;0;1
0000041749;-36.35;-3.20;14.35;0;1
0000041761;-36.40;-3.35;14.40;0;1
0000041779;-36.35;-3.50;14.50;0;1
0000041793;-36.40;-3.70;14.50;0;1
0000041820;-36.40;-3.80;14.55;0;1
0000041834;-36.40;-3.95;14.65;0;1
0000041846;-36.40;-4.10;14.75;0;1
0000041857;-36.40;-4.30;14.85;0;1
0000041881;-36.40;-4.50;14.90;0;1
0000041902;-36.45;-4.65;14.90;0;1
0000041932;-36.45;-4.75;14.95;0;1
0000041937;-36.50;-4.90;15.05;0;1
0000041995;-36.50;-5.00;15.10;0;1
0000042031;-36.55;-5.40;15.25;0;1
0000042063;-36.55;-5.50;15.30;0;1
0000042097;-36.65;-5.80;15.50;0;1
0000042127;-36.65;-5.90;15.55;0;1
0000042138;-36.65;-6.10;15.60;0;1
0000042170;-36.70;-6.25;15.65;0;1
0000042176;-36.65;-6.40;15.70;0;1
0000042201;-36.60;-6.60;15.75;0;1
0000042206;-36.55;-6.80;15.75;0;1
0000042211;-36.60;-6.90;15.80;0;1
0000042243;-36.65;-7.05;15.85;0;1
0000042254;-36.65;-7.20;15.90;0;1
0000042280;-36.60;-7.35;15.95;0;1
0000042288;-36.60;-7.50;16.05;0;1
0000042313;-36.65;-7.70;16.15;0;1
0000042319;-36.60;-7.85;16.15;0;1
0000042348;-36.65;-7.95;16.20;0;0
0000042352;-36.70;-8.10;16.20;0;0
0000042382;-36.65;-8.30;16.25;0;0
0000042391;-36.60;-8.50;16.30;0;0
0000042425;-36.65;-8.65;16.30;0;0
0000042431;-36.65;-8.80;16.30;0;0
0000042434;-36.70;-8.95;16.40;0;0
0000042500;-36.70;-9.45;16.55;0;0
0000042506;-36.65;-9.60;16.65;0;0
0000042530;-36.60;-9.45;16.65;0;0
0000042534;-36.60;-9.20;16.80;0;0
0000042569;-36.65;-9.10;16.90;0;0
0000042605;-36.60;-9.00;16.95;0;0
0000042607;-36.65;-8.90;17.00;0;0
0000042639;-36.70;-8.85;17.10;0;0
0000042648;-36.65;-8.65;17.25;0;0
0000042654;-36.65;-8.55;17.30;0;0
0000042680;-36.65;-8.45;17.30;0;0
0000042687;-36.65;-8.35;17.35;0;0
0000042712;-36.65;-8.20;17.45;0;0
0000042731;-36.65;-8.15;17.50;0;0
0000042769;-36.70;-8.05;17.50;0;0
0000042807;-36.70;-8.00;17.55;0;0
0000042813;-36.65;-7.95;17.65;0;0
0000042817;-36.60;-7.70;17.70;0;0
0000042855;-36.60;-7.50;17.85;0;0
0000042858;-36.65;-7.45;17.85;0;0
0000042895;-36.65;-7.35;17.90;0;0
0000042902;-36.60;-7.30;17.95;0;0
0000042930;-36.55;-7.25;18.00;0;0
0000042980;-36.50;-7.20;18.10;0;0
0000042988;-36.55;-7.15;18.15;0;0
0000043018;-36.55;-7.05;18.25;0;0
0000043061;-36.45;-6.75;18.35;0;0
0000043108;-36.60;-6.20;18.70;0;0
0000043143;-36.65;-6.05;18.75;0;0
0000043187;-36.70;-5.80;18.95;0;0
0000043225;-36.70;-5.75;18.95;0;0
0000043241;-36.75;-5.65;19.00;0;0
0000043243;-36.80;-5.55;19.05;0;0
0000043267;-36.85;-5.40;19.15;0;0
0000043279;-36.90;-5.25;19.25;0;0
0000043311;-36.90;-5.20;19.30;0;0
0000043319;-36.90;-5.10;19.35;0;0
0000043347;-36.95;-4.90;19.45;0;0
0000043388;-37.05;-4.75;19.60;0;0
0000043412;-37.05;-4.70;19.65;0;0
0000043421;-36.95;-4.30;19.75;0;0
0000043472;-36.95;-4.20;19.80;0;0
0000043506;-36.95;-4.10;19.80;0;0
0000043513;-36.90;-4.00;19.80;0;0
0000043551;-37.00;-3.65;20.00;0;0
0000043559;-36.95;-3.60;20.05;0;0
0000043599;-36.90;-3.55;20.15;0;0
0000043610;-36.90;-3.50;20.15;0;0
0000043643;-36.85;-3.40;20.15;0;0
0000043651;-36.85;-3.25;20.20;0;0
0000043715;-36.95;-3.05;20.30;0;0
0000043722;-36.95;-2.95;20.35;0;0
0000043758;-36.95;-2.90;20.40;0;0
0000043764;-36.95;-2.75;20.50;0;0
0000043777;-36.95;-2.65;20.50;0;0
0000043810;-36.95;-2.40;20.65;0;0
0000043817;-36.90;-2.35;20.70;0;0
0000043820;-36.90;-2.20;20.75;0;0
0000043853;-36.90;-2.10;20.80;0;0
0000043869;-36.85;-1.95;20.85;0;0
0000043915;-36.90;-1.70;20.95;0;0
0000043924;-36.90;-1.60;21.05;0;0
0000043962;-36.90;-1.50;21.10;0;0
0000043981;-36.90;-1.45;21.15;0;0
0000044026;-36.85;-1.30;21.30;0;0
0000044075;-36.90;-1.20;21.40;0;0
0000044125;-36.90;-1.15;21.50;0;0
0000044132;-36.85;-1.10;21.50;0;0
0000044174;-36.80;-0.90;21.60;0;0
0000044184;-36.80;-0.80;21.60;0;0
0000044216;-36.80;-0.65;21.65;0;0
0000044245;-36.90;-0.25;21.60;0;0
0000044248;-36.95;-0.15;21.60;0;0
0000044270;-37.00;0.05;21.65;0;0
0000044280;-37.00;0.10;21.70;0;0
0000044312;-37.05;0.40;21.70;0;0
0000044360;-37.10;0.85;21.70;0;0
0000044443;-37.10;1.00;21.65;0;0
0000044456;-37.15;1.05;21.65;0;0
0000044507;-37.10;1.15;21.70;0;0
0000044535;-37.10;1.35;21.65;0;0
0000044552;-37.10;2.10;21.55;0;0
0000044589;-37.05;2.20;21.55;0;0
0000044598;-37.10;2.30;21.55;0;0
0000044631;-37.10;2.35;21.60;0;0
0000044665;-37.10;2.55;21.60;0;0
0000044694;-37.15;2.60;21.65;0;0
0000044703;-37.10;2.80;21.65;0;0
0000044732;-37.10;2.85;21.65;0;0
0000044742;-37.15;2.95;21.70;0;0
0000044781;-37.15;3.05;21.70;0;0
0000044782;-37.10;3.10;21.65;0;0
0000044805;-37.10;3.20;21.70;0;0
0000044841;-37.20;3.45;21.65;0;0
0000044877;-37.25;3.55;21.70;0;0
0000044885;-37.20;3.60;21.70;0;0
0000044886;-37.25;3.75;21.65;0;0
0000044916;-37.25;3.85;21.60;0;0
0000044941;-37.25;4.00;21.60;0;0
0000044948;-37.20;4.10;21.60;0;0
0000044981;-37.20;4.15;21.60;0;0
0000044983;-37.25;4.30;21.60;0;0
0000045017;-37.30;4.35;21.55;0;0
0000045022;-37.30;4.40;21.55;0;0
0000045050;-37.30;4.50;21.55;0;1
0000045057;-37.30;4.65;21.50;0;1
0000045077;-37.35;4.75;21.55;0;1
0000045092;-37.35;4.90;21.55;0;1
0000045116;-37.40;5.00;21.60;0;1
0000045121;-37.40;5.05;21.55;0;1
0000045135;-37.40;5.20;21.50;0;1
0000045169;-37.40;5.30;21.50;0;1
0000045197;-37.35;5.40;21.55;0;1
0000045202;-37.35;5.50;21.60;0;1
0000045229;-37.35;5.55;21.60;0;1
0000045231;-37.35;5.70;21.65;0;1
0000045258;-37.30;5.75;21.65;0;1
0000045264;-37.35;5.85;21.65;0;1
0000045298;-37.40;5.95;21.65;0;1
0000045303;-37.35;6.00;21.65;0;1
0000045323;-37.40;6.05;21.65;0;1
0000045337;-37.40;6.20;21.60;0;1
0000045362;-37.45;6.25;21.60;0;1
0000045394;-37.50;6.40;21.55;0;1
0000045402;-37.55;6.45;21.55;0;1
0000045429;-37.55;6.60;21.60;0;1
0000045465;-37.60;6.90;21.55;0;1
0000045494;-37.60;7.10;21.50;0;1
0000045522;-37.50;7.30;21.55;0;1
0000045536;-37.50;7.45;21.60;0;1
0000045558;-37.45;7.50;21.65;0;1
0000045567;-37.50;7.55;21.65;0;1
0000045590;-37.45;7.70;21.60;0;1
0000045624;-37.50;7.80;21.65;0;1
0000045631;-37.50;7.95;21.70;0;1
0000045657;-37.50;8.05;21.70;0;1
0000045663;-37.55;8.10;21.70;0;1
0000045684;-37.60;8.20;21.70;0;1
0000045694;-37.65;8.35;21.75;0;1
0000045725;-37.60;8.45;21.70;0;1
0000045757;-37.65;8.70;21.65;0;1
0000045790;-37.70;8.90;21.70;0;1
0000045829;-37.75;8.95;21.70;0;1
0000045837;-37.70;9.10;21.75;0;1
0000045860;-37.70;9.20;21.75;0;1
0000045891;-37.75;9.40;21.80;0;1
0000045919;-37.70;9.50;21.80;0;1
0000045933;-37.75;9.40;21.85;0;1
0000045964;-37.75;9.35;21.80;0;1
0000045996;-37.80;9.20;21.70;0;1
0000046028;-37.85;9.10;21.70;0;1
0000046037;-37.85;9.05;21.70;0;1
0000046059;-37.80;8.90;21.70;0;1
0000046061;-37.80;8.85;21.75;0;1
0000046097;-37.80;8.80;21.80;0;1
0000046103;-37.85;8.70;21.85;0;1
0000046124;-37.80;8.60;21.85;0;1
0000046133;-37.75;8.50;21.85;0;1
0000046159;-37.80;8.35;21.85;0;1
0000046166;-37.80;8.25;21.85;0;1
0000046202;-37.80;8.15;21.90;0;1
0000046228;-37.75;8.05;21.95;0;1
0000046237;-37.70;8.00;21.90;0;1
0000046262;-37.75;7.90;21.95;0;1
0000046266;-37.70;7.75;21.95;0;1
0000046292;-37.70;7.65;22.00;0;1
0000046300;-37.70;7.55;22.00;0;1
0000046335;-37.70;7.45;22.00;0;1
0000046339;-37.70;7.35;21.95;0;1
0000046365;-37.75;7.20;22.00;0;1
0000046393;-37.75;6.95;22.00;0;1
0000046399;-37.75;6.90;22.05;0;1
0000046431;-37.70;6.80;22.10;0;1
0000046439;-37.75;6.65;22.15;0;1
0000046464;-37.70;6.50;22.20;0;1
0000046492;-37.75;6.45;22.15;0;1
0000046530;-37.80;6.20;22.15;0;1
0000046535;-37.85;6.15;22.15;0;1
0000046558;-37.85;6.10;22.15;0;1
0000046651;-37.85;5.80;22.15;0;1
0000046657;-37.80;5.70;22.10;0;1
0000046679;-37.85;5.60;22.15;0;1
0000046701;-37.70;5.30;22.20;0;0
0000046726;-37.70;5.15;22.25;0;0
0000046748;-37.65;4.95;22.20;0;0
0000046775;-37.65;4.80;22.20;0;0
0000046815;-37.65;4.70;22.15;0;0
0000046845;-37.70;4.55;22.15;0;0
0000046851;-37.70;4.40;22.15;0;0
0000046879;-37.65;4.35;22.15;0;0
0000046890;-37.65;4.20;22.10;0;0
0000046918;-37.60;4.15;22.10;0;0
0000046919;-37.65;4.10;22.15;0;0
0000046934;-37.60;4.00;22.15;0;0
0000046967;-37.60;3.95;22.10;0;0
0000046997;-37.60;3.70;22.15;0;0
0000047035;-37.60;3.50;22.25;0;0
0000047042;-37.65;3.35;22.20;0;0
0000047072;-37.70;3.20;22.25;0;0
0000047097;-37.70;3.05;22.20;0;0
0000047109;-37.75;2.95;22.20;0;0
0000047139;-37.80;2.85;22.25;0;0
0000047184;-37.80;2.55;22.25;0;0
0000047192;-37.75;2.45;22.30;0;0
0000047250;-37.80;2.35;22.35;0;0
0000047251;-37.80;2.30;22.30;0;0
0000047259;-37.85;2.25;22.25;0;0
0000047308;-37.90;2.15;22.25;0;0
0000047352;-37.95;2.05;22.25;0;0
0000047381;-37.90;2.00;22.30;0;0
0000047385;-37.90;1.95;22.25;0;0
0000047412;-37.90;1.85;22.25;0;0
0000047420;-37.95;1.45;22.30;0;0
0000047422;-37.90;1.30;22.35;0;0
0000047446;-37.95;1.20;22.40;0;0
0000047486;-37.85;1.05;22.45;0;0
0000047512;-37.80;0.85;22.45;0;0
0000047517;-37.85;0.75;22.50;0;0
0000047554;-37.85;0.65;22.50;0;0
0000047588;-37.85;0.55;22.55;0;0
0000047615;-37.85;0.50;22.55;0;0
0000047618;-37.85;0.35;22.60;0;0
0000047623;-37.95;0.20;22.55;0;0
0000047664;-37.95;0.10;22.50;0;0
0000047667;-37.95;0.05;22.50;0;0
0000047700;-37.90;-0.10;22.50;0;0
0000047708;-37.90;-0.20;22.55;0;0
0000047765;-37.90;-0.25;22.55;0;0
0000047767;-37.90;-0.35;22.55;0;0
0000047796;-37.85;-0.65;22.60;0;0
0000047810;-37.90;-0.80;22.60;0;0
0000047843;-37.90;-0.90;22.55;0;0
0000047849;-37.95;-1.00;22.55;0;0
0000047886;-37.95;-1.15;22.50;0;0
0000047888;-38.00;-1.20;22.50;0;0
0000047920;-38.05;-1.30;22.45;0;0
0000047947;-38.10;-1.35;22.40;0;0
0000047952;-38.10;-1.45;22.40;0;0
0000047956;-38.05;-1.50;22.40;0;0
0000047989;-38.00;-1.60;22.40;0;0
0000048024;-38.05;-1.65;22.40;0;0
0000048053;-38.00;-1.75;22.40;0;0
0000048058;-38.05;-1.80;22.45;0;0
0000048085;-38.05;-1.95;22.40;0;0
0000048088;-38.05;-2.05;22.45;0;0
0000048097;-38.05;-2.10;22.45;0;0
0000048109;-38.05;-2.20;22.50;0;0
0000048134;-38.10;-2.30;22.50;0;0
0000048168;-38.10;-2.45;22.55;0;0
0000048203;-38.10;-2.60;22.50;0;0
0000048237;-38.10;-2.70;22.55;0;0
0000048272;-38.15;-2.85;22.50;0;0
0000048277;-38.20;-2.95;22.45;0;0
0000048301;-38.25;-3.05;22.45;0;0
0000048307;-38.30;-3.25;22.50;0;0
0000048340;-38.35;-3.35;22.50;0;0
0000048346;-38.40;-3.40;22.45;0;0
0000048370;-38.40;-3.50;22.50;0;0
0000048372;-38.40;-3.60;22.45;0;0
0000048401;-38.40;-3.70;22.40;0;0
0000048407;-38.35;-3.80;22.40;0;0
0000048432;-38.40;-3.85;22.35;0;0
0000048444;-38.45;-3.95;22.35;0;0
0000048463;-38.45;-4.10;22.40;0;0
0000048495;-38.45;-4.20;22.40;0;0
0000048508;-38.45;-4.35;22.45;0;0
0000048530;-38.45;-4.45;22.50;0;0
0000048542;-38.50;-4.60;22.45;0;0
0000048565;-38.45;-4.75;22.50;0;0
0000048568;-38.45;-4.85;22.50;0;0
0000048574;-38.50;-5.05;22.45;0;0
0000048608;-38.45;-5.10;22.40;0;0
0000048617;-38.50;-5.20;22.35;0;0
0000048649;-38.55;-5.25;22.35;0;0
0000048683;-38.50;-5.40;22.40;0;0
0000048720;-38.60;-5.50;22.35;0;0
0000048745;-38.65;-5.65;22.30;0;0
0000048749;-38.65;-5.70;22.35;0;0
0000048781;-38.65;-5.90;22.30;0;0
0000048814;-38.60;-5.95;22.30;0;0
0000048838;-38.60;-6.20;22.30;0;0
0000048843;-38.55;-6.30;22.30;0;0
0000048871;-38.60;-6.45;22.25;0;0
0000048878;-38.60;-6.55;22.30;0;0
0000048910;-38.65;-6.70;22.30;0;0
0000048938;-38.70;-6.90;22.25;0;0
0000048947;-38.70;-7.00;22.20;0;0
0000048977;-38.65;-7.10;22.15;0;0
0000048982;-38.60;-7.25;22.20;0;0
0000049010;-38.55;-7.35;22.20;0;0
0000049018;-38.60;-7.45;22.20;0;0
0000049067;-38.65;-7.55;22.20;0;0
0000049077;-38.65;-7.60;22.20;0;0
0000049116;-38.65;-7.70;22.20;0;0
0000049125;-38.65;-7.80;22.20;0;0
0000049155;-38.65;-7.95;22.20;0;0
0000049180;-38.65;-8.00;22.15;0;0
0000049188;-38.60;-8.10;22.15;0;0
0000049196;-38.65;-8.20;22.15;0;0
0000049236;-38.60;-8.35;22.15;0;0
0000049252;-38.60;-8.45;22.15;0;0
0000049287;-38.65;-8.75;22.15;0;0
0000049320;-38.70;-8.85;22.20;0;0
0000049348;-38.70;-8.95;22.25;0;0
0000049352;-38.70;-9.20;22.35;0;0
0000049381;-38.70;-9.30;22.35;0;0
0000049417;-38.75;-9.60;22.35;0;0
0000049422;-38.80;-9.50;22.30;0;0
0000049448;-38.85;-9.45;22.35;0;0
0000049453;-38.90;-9.40;22.40;0;0
0000049485;-38.95;-9.35;22.40;0;0
0000049499;-38.95;-9.30;22.40;0;0
0000049531;-38.95;-9.25;22.40;0;0
0000049537;-38.95;-9.25;22.50;0;0
0000049578;-38.90;-9.20;22.45;0;0
0000049585;-38.90;-9.10;22.50;0;0
0000049618;-38.90;-9.10;22.50;0;0
0000049622;-38.95;-9.05;22.50;0;0
0000049649;-38.90;-9.00;22.45;0;1
0000049682;-38.85;-8.90;22.50;0;1
0000049688;-38.90;-8.90;22.50;0;1
0000049712;-38.90;-8.90;22.55;0;1
0000049727;-38.90;-8.80;22.55;0;1
0000049761;-38.95;-8.75;22.60;0;1
0000049787;-39.00;-8.70;22.60;0;1
0000049816;-38.95;-8.60;22.50;0;1
0000049825;-38.95;-8.55;22.45;0;1
0000049853;-39.00;-8.50;22.45;0;1
0000049856;-39.05;-8.45;22.50;0;1
0000049889;-39.05;-8.45;22.45;0;1
0000049915;-39.10;-8.40;22.45;0;1
0000049920;-39.15;-8.30;22.50;0;1
