##########
# Исследование № 000002
# 2025-11-05 13:01:17
##########
0000000001;-77.25;11.15;61.00;-77.3;11.1;61.0;0
0000000002;-77.35;11.15;61.00;-0.1;0.0;0.0;0
0000000003;-77.35;11.20;60.95;0.0;0.1;-0.0;0
0000000004;-77.30;11.25;61.05;0.0;0.1;0.1;0
0000000005;-77.40;11.30;61.10;-0.1;0.1;0.0;0
0000000006;-77.40;11.30;61.00;0.0;0.0;-0.1;0
0000000007;-77.45;11.25;61.10;-0.0;-0.1;0.1;0
0000000008;-77.35;11.25;61.10;0.1;0.0;0.0;0
0000000009;-77.25;11.30;61.00;0.1;0.1;-0.1;0
0000000010;-77.25;11.20;60.90;0.0;-0.1;-0.1;0
0000000011;-77.20;11.10;60.85;0.1;-0.1;-0.1;0
0000000012;-77.20;11.15;60.90;0.0;0.0;0.1;0
0000000013;-77.15;11.10;60.80;0.0;-0.0;-0.1;0
0000000014;-77.15;11.20;60.80;0.0;0.1;0.0;0
0000000015;-77.05;11.15;60.75;0.1;-0.1;-0.0;0
0000000016;-77.15;11.25;60.75;-0.1;0.1;0.0;0
0000000017;-77.25;11.30;60.65;-0.1;0.1;-0.1;0
0000000018;-77.35;11.20;60.65;-0.1;-0.1;0.0;0
0000000019;-77.35;11.10;60.60;0.0;-0.1;-0.1;0
0000000020;-77.35;11.15;60.50;0.0;0.0;-0.1;0
0000000021;-77.40;11.05;60.50;-0.1;-0.1;0.0;0
0000000022;-77.35;10.95;60.40;0.1;-0.1;-0.1;0
0000000023;-77.30;10.85;60.45;0.0;-0.1;0.0;0
0000000024;-77.40;10.90;60.35;-0.1;0.0;-0.1;0
0000000025;-77.45;10.80;60.40;-0.0;-0.1;0.1;0
0000000026;-77.55;10.70;60.30;-0.1;-0.1;-0.1;0
0000000027;-77.55;10.65;60.25;0.0;-0.1;-0.0;0
0000000028;-77.50;10.65;60.20;0.1;0.0;-0.0;0
0000000029;-77.60;10.65;60.20;-0.1;0.0;0.0;0
0000000030;-77.50;10.55;60.20;0.1;-0.1;0.0;0
0000000031;-77.40;10.50;60.25;0.1;-0.1;0.0;0
0000000032;-77.35;10.60;60.20;0.1;0.1;-0.0;0
0000000033;-77.40;10.65;60.25;-0.1;0.0;0.0;0
0000000034;-77.30;10.75;60.20;0.1;0.1;-0.0;0
0000000035;-77.25;10.80;60.20;0.1;0.1;0.0;0
0000000036;-77.20;10.75;60.25;0.1;-0.1;0.0;0
0000000037;-77.25;10.75;60.20;-0.1;0.0;-0.0;0
0000000038;-77.15;10.70;60.15;0.1;-0.1;-0.0;0
0000000039;-77.25;10.75;60.25;-0.1;0.1;0.1;0
0000000040;-77.15;10.75;60.20;0.1;0.0;-0.0;0
0000000041;-77.20;10.65;60.10;-0.0;-0.1;-0.1;0
0000000042;-77.20;10.65;60.15;0.0;0.0;0.1;1
0000000043;-77.20;10.65;60.25;0.0;0.0;0.1;1
0000000044;-77.20;10.55;60.25;0.0;-0.1;0.0;1
0000000045;-77.15;10.55;60.25;0.0;0.0;0.0;1
0000000046;-77.10;10.50;60.15;0.1;-0.1;-0.1;1
0000000047;-77.00;10.50;60.25;0.1;0.0;0.1;1
0000000048;-76.90;10.50;60.25;0.1;0.0;0.0;1
0000000049;-76.85;10.45;60.15;0.1;-0.1;-0.1;1
0000000050;-76.95;10.55;60.20;-0.1;0.1;0.0;1
0000000051;-76.90;10.55;60.10;0.0;0.0;-0.1;1
0000000052;-77.00;10.50;60.05;-0.1;-0.1;-0.0;1
0000000053;-77.00;10.55;60.10;0.0;0.1;0.0;1
0000000054;-77.05;10.45;60.05;-0.1;-0.1;-0.0;1
0000000055;-76.95;10.50;60.10;0.1;0.1;0.0;1
0000000056;-77.00;10.60;60.10;-0.1;0.1;0.0;1
0000000057;-77.00;10.70;60.05;0.0;0.1;-0.0;1
0000000058;-77.00;10.60;60.15;0.0;-0.1;0.1;1
0000000059;-77.05;10.55;60.15;-0.1;-0.1;0.0;1
0000000060;-77.15;10.50;60.10;-0.1;-0.1;-0.1;1
0000000061;-77.20;10.40;60.00;-0.0;-0.1;-0.1;1
0000000062;-77.15;10.45;60.00;0.0;0.1;0.0;1
0000000063;-77.20;10.55;59.95;-0.0;0.1;-0.0;1
0000000064;-77.30;10.55;59.95;-0.1;0.0;0.0;1
0000000065;-77.35;10.55;60.05;-0.0;0.0;0.1;1
0000000066;-77.25;10.45;59.95;0.1;-0.1;-0.1;1
0000000067;-77.35;10.45;59.95;-0.1;0.0;0.0;1
0000000068;-77.35;10.50;59.95;0.0;0.1;0.0;1
0000000069;-77.25;10.55;59.95;0.1;0.1;0.0;1
0000000070;-77.30;10.55;59.95;-0.1;0.0;0.0;1
0000000071;-77.35;10.55;59.85;-0.0;0.0;-0.1;1
0000000072;-77.30;10.65;59.75;0.0;0.1;-0.1;1
0000000073;-77.35;10.55;59.70;-0.0;-0.1;-0.0;1
0000000074;-77.45;10.50;59.75;-0.1;-0.1;0.0;1
0000000075;-77.50;10.45;59.80;-0.1;-0.1;0.0;1
0000000076;-77.50;10.45;59.70;0.0;0.0;-0.1;1
0000000077;-77.45;10.35;59.80;0.1;-0.1;0.1;1
0000000078;-77.45;10.35;59.90;0.0;0.0;0.1;1
0000000079;-77.55;10.30;60.00;-0.1;-0.1;0.1;1
0000000080;-77.60;10.35;59.95;-0.0;0.1;-0.0;1
0000000081;-77.55;10.45;59.85;0.0;0.1;-0.1;1
0000000082;-77.60;10.40;59.85;-0.0;-0.1;0.0;1
0000000083;-77.70;10.45;59.80;-0.1;0.1;-0.0;1
0000000084;-77.70;10.45;59.85;0.0;0.0;0.0;1
0000000085;-77.65;10.40;59.85;0.0;-0.1;0.0;1
0000000086;-77.60;10.45;59.85;0.1;0.1;0.0;1
0000000087;-77.70;10.50;59.80;-0.1;0.1;-0.0;1
0000000088;-77.70;10.50;59.70;0.0;0.0;-0.1;1
0000000089;-77.80;10.55;59.65;-0.1;0.1;-0.0;1
0000000090;-77.70;10.65;59.65;0.1;0.1;0.0;1
0000000091;-77.80;10.60;59.75;-0.1;-0.0;0.1;1
0000000092;-77.75;10.65;59.85;0.1;0.0;0.1;1
0000000093;-77.75;10.60;59.80;0.0;-0.0;-0.0;1
0000000094;-77.85;10.70;59.70;-0.1;0.1;-0.1;1
0000000095;-77.80;10.65;59.65;0.0;-0.1;-0.0;1
0000000096;-77.85;10.55;59.70;-0.0;-0.1;0.0;1
0000000097;-77.75;10.65;59.70;0.1;0.1;0.0;1
0000000098;-77.75;10.60;59.65;0.0;-0.0;-0.0;1
0000000099;-77.85;10.70;59.55;-0.1;0.1;-0.1;1
0000000100;-77.75;10.80;59.60;0.1;0.1;0.0;1
0000000101;-77.70;10.70;59.65;0.1;-0.1;0.1;1
0000000102;-77.75;10.80;59.55;-0.1;0.1;-0.1;1
0000000103;-77.70;10.70;59.55;0.1;-0.1;0.0;1
0000000104;-77.70;10.75;59.45;0.0;0.1;-0.1;1
0000000105;-77.65;10.85;59.55;0.0;0.1;0.1;1
0000000106;-77.65;10.80;59.60;0.0;-0.1;0.0;1
0000000107;-77.60;10.90;59.50;0.1;0.1;-0.1;1
0000000108;-77.70;10.95;59.50;-0.1;0.1;0.0;1
0000000109;-77.80;11.05;59.40;-0.1;0.1;-0.1;1
0000000110;-77.90;11.10;59.40;-0.1;0.1;0.0;1
0000000111;-77.95;11.10;59.50;-0.0;0.0;0.1;1
0000000112;-77.85;11.05;59.55;0.1;-0.1;0.0;1
0000000113;-77.85;11.05;59.45;0.0;0.0;-0.1;1
0000000114;-77.95;11.10;59.40;-0.1;0.1;-0.0;1
0000000115;-77.95;11.05;59.30;0.0;-0.1;-0.1;1
0000000116;-78.00;10.95;59.25;-0.1;-0.1;-0.0;1
0000000117;-78.00;10.95;59.20;0.0;0.0;-0.0;1
0000000118;-77.90;10.85;59.15;0.1;-0.1;-0.0;1
0000000119;-77.95;10.75;59.15;-0.0;-0.1;0.0;1
0000000120;-77.95;10.75;59.05;0.0;0.0;-0.1;1
0000000121;-78.05;10.85;59.10;-0.1;0.1;0.0;1
0000000122;-78.00;10.85;59.10;0.1;0.0;0.0;1
0000000123;-77.90;10.90;59.10;0.1;0.0;0.0;1
0000000124;-77.95;10.85;59.05;-0.0;-0.0;-0.0;1
0000000125;-77.90;10.80;59.00;0.0;-0.1;-0.0;1
0000000126;-77.95;10.80;59.05;-0.0;0.0;0.0;1
0000000127;-77.90;10.90;58.95;0.0;0.1;-0.1;1
0000000128;-77.90;10.80;59.00;0.0;-0.1;0.0;1
0000000129;-78.00;10.90;59.10;-0.1;0.1;0.1;1
0000000130;-77.95;11.00;59.15;0.1;0.1;0.1;1
0000000131;-78.05;10.95;59.25;-0.1;-0.1;0.1;1
0000000132;-78.15;11.00;59.30;-0.1;0.1;0.0;1
0000000133;-78.25;10.90;59.40;-0.1;-0.1;0.1;1
0000000134;-78.20;10.95;59.30;0.1;0.1;-0.1;1
0000000135;-78.25;11.00;59.30;-0.1;0.1;0.0;1
0000000136;-78.35;11.10;59.25;-0.1;0.1;-0.0;1
0000000137;-78.40;11.10;59.15;-0.1;0.0;-0.1;1
0000000138;-78.30;11.00;59.15;0.1;-0.1;0.0;1
0000000139;-78.40;11.05;59.20;-0.1;0.1;0.0;1
0000000140;-78.30;10.95;59.25;0.1;-0.1;0.0;1
0000000141;-78.25;11.00;59.15;0.1;0.1;-0.1;1
0000000142;-78.25;11.10;59.20;0.0;0.1;0.0;1
0000000143;-78.35;11.20;59.25;-0.1;0.1;0.0;1
0000000144;-78.35;11.20;59.30;0.0;0.0;0.0;1
0000000145;-78.40;11.10;59.35;-0.1;-0.1;0.0;1
0000000146;-78.35;11.15;59.30;0.1;0.0;-0.0;1
0000000147;-78.35;11.20;59.20;0.0;0.1;-0.1;1
0000000148;-78.25;11.25;59.15;0.1;0.1;-0.0;1
0000000149;-78.20;11.15;59.05;0.1;-0.1;-0.1;1
0000000150;-78.10;11.25;58.95;0.1;0.1;-0.1;1
0000000151;-78.20;11.20;58.90;-0.1;-0.1;-0.0;1
0000000152;-78.25;11.15;58.90;-0.1;-0.1;0.0;1
0000000153;-78.25;11.15;59.00;0.0;0.0;0.1;1
0000000154;-78.30;11.15;58.90;-0.1;0.0;-0.1;1
0000000155;-78.25;11.25;58.80;0.1;0.1;-0.1;1
0000000156;-78.25;11.20;58.85;0.0;-0.1;0.0;1
0000000157;-78.25;11.30;58.90;0.0;0.1;0.1;1
0000000158;-78.30;11.25;58.95;-0.1;-0.1;0.0;1
0000000159;-78.30;11.35;59.00;0.0;0.1;0.0;1
0000000160;-78.35;11.25;58.90;-0.0;-0.1;-0.1;1
0000000161;-78.25;11.15;58.80;0.1;-0.1;-0.1;1
0000000162;-78.35;11.20;58.80;-0.1;0.1;0.0;1
0000000163;-78.40;11.15;58.80;-0.1;-0.1;0.0;1
0000000164;-78.40;11.10;58.70;0.0;-0.0;-0.1;1
0000000165;-78.40;11.10;58.80;0.0;0.0;0.1;1
0000000166;-78.40;11.05;58.80;0.0;-0.1;0.0;1
0000000167;-78.45;10.95;58.85;-0.0;-0.1;0.0;1
0000000168;-78.35;10.90;58.95;0.1;-0.1;0.1;1
0000000169;-78.40;10.85;58.95;-0.1;-0.0;0.0;1
0000000170;-78.40;10.85;59.00;0.0;0.0;0.0;0
0000000171;-78.45;10.75;59.05;-0.0;-0.1;0.0;0
0000000172;-78.55;10.80;59.05;-0.1;0.1;0.0;0
0000000173;-78.60;10.70;59.15;-0.0;-0.1;0.1;0
0000000174;-78.55;10.75;59.20;0.0;0.1;0.0;0
0000000175;-78.50;10.80;59.30;0.1;0.1;0.1;0
0000000176;-78.40;10.75;59.20;0.1;-0.1;-0.1;0
0000000177;-78.35;10.65;59.20;0.1;-0.1;0.0;0
0000000178;-78.45;10.65;59.20;-0.1;0.0;0.0;0
0000000179;-78.50;10.60;59.15;-0.1;-0.0;-0.0;0
0000000180;-78.40;10.50;59.05;0.1;-0.1;-0.1;0
0000000181;-78.50;10.60;58.95;-0.1;0.1;-0.1;0
0000000182;-78.60;10.55;58.90;-0.1;-0.1;-0.0;0
0000000183;-78.50;10.50;58.90;0.1;-0.1;0.0;0
0000000184;-78.60;10.45;58.80;-0.1;-0.1;-0.1;0
0000000185;-78.65;10.55;58.70;-0.1;0.1;-0.1;0
0000000186;-78.55;10.65;58.65;0.1;0.1;-0.0;0
0000000187;-78.50;10.60;58.75;0.1;-0.0;0.1;0
0000000188;-78.40;10.55;58.75;0.1;-0.1;0.0;0
0000000189;-78.35;10.60;58.65;0.1;0.1;-0.1;0
0000000190;-78.40;10.70;58.75;-0.1;0.1;0.1;0
0000000191;-78.40;10.60;58.75;0.0;-0.1;0.0;0
0000000192;-78.45;10.50;58.80;-0.0;-0.1;0.0;0
0000000193;-78.55;10.45;58.70;-0.1;-0.1;-0.1;0
0000000194;-78.45;10.50;58.80;0.1;0.1;0.1;0
0000000195;-78.35;10.40;58.80;0.1;-0.1;0.0;0
0000000196;-78.35;10.35;58.70;0.0;-0.0;-0.1;0
0000000197;-78.35;10.35;58.65;0.0;0.0;-0.0;0
0000000198;-78.35;10.40;58.65;0.0;0.0;0.0;0
0000000199;-78.45;10.35;58.70;-0.1;-0.0;0.0;0
0000000200;-78.55;10.45;58.70;-0.1;0.1;0.0;0
0000000201;-78.60;10.55;58.75;-0.0;0.1;0.0;0
0000000202;-78.70;10.45;58.65;-0.1;-0.1;-0.1;0
0000000203;-78.70;10.50;58.55;0.0;0.1;-0.1;0
0000000204;-78.65;10.40;58.50;0.0;-0.1;-0.0;0
0000000205;-78.70;10.50;58.50;-0.0;0.1;0.0;0
0000000206;-78.70;10.50;58.55;0.0;0.0;0.0;0
0000000207;-78.65;10.50;58.55;0.0;0.0;0.0;0
0000000208;-78.55;10.50;58.45;0.1;0.0;-0.1;0
0000000209;-78.55;10.45;58.45;0.0;-0.1;0.0;0
0000000210;-78.55;10.55;58.40;0.0;0.1;-0.0;0
0000000211;-78.55;10.55;58.45;0.0;0.0;0.0;0
0000000212;-78.45;10.45;58.40;0.1;-0.1;-0.0;0
0000000213;-78.55;10.40;58.50;-0.1;-0.1;0.1;0
0000000214;-78.60;10.45;58.60;-0.0;0.1;0.1;0
0000000215;-78.65;10.55;58.55;-0.1;0.1;-0.0;0
0000000216;-78.55;10.55;58.60;0.1;0.0;0.0;0
0000000217;-78.45;10.50;58.70;0.1;-0.1;0.1;0
0000000218;-78.35;10.50;58.75;0.1;0.0;0.0;0
0000000219;-78.40;10.40;58.85;-0.1;-0.1;0.1;0
0000000220;-78.35;10.35;58.85;0.1;-0.0;0.0;0
0000000221;-78.30;10.25;58.80;0.0;-0.1;-0.0;0
0000000222;-78.30;10.35;58.70;0.0;0.1;-0.1;0
0000000223;-78.40;10.25;58.80;-0.1;-0.1;0.1;0
0000000224;-78.45;10.35;58.90;-0.0;0.1;0.1;0
0000000225;-78.40;10.45;58.80;0.0;0.1;-0.1;0
0000000226;-78.50;10.45;58.70;-0.1;0.0;-0.1;0
0000000227;-78.45;10.40;58.80;0.1;-0.1;0.1;0
0000000228;-78.55;10.40;58.85;-0.1;0.0;0.0;0
0000000229;-78.50;10.30;58.85;0.1;-0.1;0.0;0
0000000230;-78.40;10.20;58.80;0.1;-0.1;-0.0;0
0000000231;-78.45;10.25;58.90;-0.0;0.1;0.1;0
0000000232;-78.35;10.30;58.80;0.1;0.1;-0.1;0
0000000233;-78.35;10.35;58.80;0.0;0.1;0.0;0
0000000234;-78.30;10.45;58.85;0.0;0.1;0.0;0
0000000235;-78.40;10.35;58.90;-0.1;-0.1;0.1;0
0000000236;-78.45;10.35;58.80;-0.0;0.0;-0.1;0
0000000237;-78.40;10.45;58.90;0.0;0.1;0.1;0
0000000238;-78.30;10.55;58.80;0.1;0.1;-0.1;0
0000000239;-78.25;10.65;58.80;0.1;0.1;0.0;0
0000000240;-78.20;10.70;58.90;0.1;0.1;0.1;0
0000000241;-78.20;10.65;58.90;0.0;-0.1;0.0;0
0000000242;-78.10;10.70;58.95;0.1;0.1;0.0;0
0000000243;-78.20;10.80;58.90;-0.1;0.1;-0.0;0
0000000244;-78.30;10.85;58.90;-0.1;0.1;0.0;0
0000000245;-78.20;10.95;58.90;0.1;0.1;0.0;0
0000000246;-78.20;11.05;58.85;0.0;0.1;-0.1;0
0000000247;-78.15;11.00;58.75;0.0;-0.1;-0.1;0
0000000248;-78.05;11.00;58.65;0.1;0.0;-0.1;0
0000000249;-77.95;11.10;58.75;0.1;0.1;0.1;0
0000000250;-77.95;11.00;58.85;0.0;-0.1;0.1;0
0000000251;-77.85;11.05;58.85;0.1;0.1;0.0;0
0000000252;-77.75;11.10;58.90;0.1;0.1;0.1;0
0000000253;-77.65;11.15;58.95;0.1;0.0;0.0;0
0000000254;-77.75;11.05;58.90;-0.1;-0.1;-0.0;0
0000000255;-77.65;11.15;59.00;0.1;0.1;0.1;0
0000000256;-77.75;11.05;59.00;-0.1;-0.1;0.0;0
0000000257;-77.70;10.95;59.05;0.1;-0.1;0.0;0
0000000258;-77.80;10.95;59.15;-0.1;0.0;0.1;0
0000000259;-77.80;11.05;59.05;0.0;0.1;-0.1;0
0000000260;-77.90;10.95;59.15;-0.1;-0.1;0.1;0
0000000261;-77.90;11.05;59.15;0.0;0.1;0.0;0
0000000262;-78.00;11.05;59.10;-0.1;0.0;-0.1;0
0000000263;-77.90;10.95;59.20;0.1;-0.1;0.1;0
0000000264;-77.85;11.00;59.10;0.1;0.1;-0.1;0
0000000265;-77.75;10.90;59.15;0.1;-0.1;0.1;0
0000000266;-77.85;10.80;59.20;-0.1;-0.1;0.0;0
0000000267;-77.80;10.75;59.20;0.0;-0.1;0.0;0
0000000268;-77.85;10.65;59.15;-0.0;-0.1;-0.0;0
0000000269;-77.80;10.75;59.20;0.0;0.1;0.0;0
0000000270;-77.80;10.80;59.25;0.0;0.1;0.0;0
0000000271;-77.80;10.90;59.35;0.0;0.1;0.1;0
0000000272;-77.90;10.80;59.25;-0.1;-0.1;-0.1;0
0000000273;-77.90;10.70;59.30;0.0;-0.1;0.0;0
0000000274;-78.00;10.80;59.35;-0.1;0.1;0.0;0
0000000275;-77.90;10.70;59.40;0.1;-0.1;0.1;0
0000000276;-77.80;10.80;59.30;0.1;0.1;-0.1;0
0000000277;-77.90;10.75;59.35;-0.1;-0.1;0.0;0
0000000278;-77.95;10.80;59.25;-0.0;0.1;-0.1;0
0000000279;-78.05;10.80;59.15;-0.1;0.0;-0.1;0
0000000280;-78.10;10.80;59.10;-0.0;0.0;-0.1;0
0000000281;-78.20;10.70;59.10;-0.1;-0.1;0.0;0
0000000282;-78.10;10.70;59.15;0.1;0.0;0.1;0
0000000283;-78.05;10.60;59.15;0.0;-0.1;0.0;0
0000000284;-78.10;10.60;59.10;-0.0;0.0;-0.1;0
0000000285;-78.05;10.65;59.00;0.0;0.0;-0.1;0
0000000286;-78.15;10.75;59.10;-0.1;0.1;0.1;0
0000000287;-78.10;10.70;59.00;0.1;-0.1;-0.1;0
0000000288;-78.20;10.65;59.00;-0.1;-0.1;0.0;0
0000000289;-78.25;10.55;58.95;-0.1;-0.1;-0.0;0
0000000290;-78.20;10.45;59.05;0.1;-0.1;0.1;0
0000000291;-78.15;10.50;59.00;0.0;0.1;-0.0;0
0000000292;-78.20;10.45;59.00;-0.0;-0.1;0.0;0
0000000293;-78.10;10.35;59.00;0.1;-0.1;0.0;0
0000000294;-78.15;10.25;59.05;-0.1;-0.1;0.0;0
0000000295;-78.25;10.25;58.95;-0.1;0.0;-0.1;0
0000000296;-78.35;10.25;58.95;-0.1;0.0;0.0;0
0000000297;-78.25;10.35;59.00;0.1;0.1;0.0;0
0000000298;-78.20;10.40;58.90;0.1;0.0;-0.1;0
0000000299;-78.25;10.30;58.90;-0.1;-0.1;0.0;0
0000000300;-78.35;10.30;58.95;-0.1;0.0;0.0;0
0000000301;-78.40;10.20;58.95;-0.1;-0.1;0.0;0
0000000302;-78.35;10.25;59.05;0.1;0.1;0.1;0
0000000303;-78.40;10.35;59.00;-0.1;0.1;-0.0;0
0000000304;-78.40;10.35;59.10;0.0;0.0;0.1;0
0000000305;-78.40;10.45;59.00;0.0;0.1;-0.1;0
0000000306;-78.50;10.35;59.00;-0.1;-0.1;0.0;0
0000000307;-78.50;10.35;59.05;0.0;0.0;0.0;0
0000000308;-78.55;10.30;58.95;-0.1;-0.1;-0.1;0
0000000309;-78.55;10.35;59.05;0.0;0.1;0.1;0
0000000310;-78.45;10.35;59.00;0.1;0.0;-0.0;0
0000000311;-78.40;10.40;58.95;0.0;0.0;-0.0;0
0000000312;-78.30;10.45;58.90;0.1;0.1;-0.0;0
0000000313;-78.40;10.50;58.80;-0.1;0.1;-0.1;0
0000000314;-78.30;10.45;58.70;0.1;-0.1;-0.1;0
0000000315;-78.30;10.35;58.75;0.0;-0.1;0.0;0
0000000316;-78.40;10.40;58.70;-0.1;0.0;-0.0;0
0000000317;-78.40;10.30;58.65;0.0;-0.1;-0.0;0
0000000318;-78.50;10.20;58.55;-0.1;-0.1;-0.1;0
0000000319;-78.55;10.10;58.60;-0.1;-0.1;0.0;0
0000000320;-78.45;10.10;58.65;0.1;0.0;0.1;0
0000000321;-78.35;10.00;58.60;0.1;-0.1;-0.1;0
0000000322;-78.25;10.00;58.65;0.1;0.0;0.1;0
0000000323;-78.20;10.10;58.75;0.1;0.1;0.1;0
0000000324;-78.10;10.15;58.75;0.1;0.0;0.0;0
0000000325;-78.00;10.15;58.75;0.1;0.0;0.0;0
0000000326;-77.95;10.05;58.75;0.1;-0.1;0.0;0
0000000327;-78.05;10.05;58.80;-0.1;0.0;0.0;0
0000000328;-78.10;10.15;58.90;-0.0;0.1;0.1;0
0000000329;-78.10;10.25;58.80;0.0;0.1;-0.1;0
0000000330;-78.00;10.25;58.70;0.1;0.0;-0.1;0
0000000331;-77.95;10.30;58.70;0.1;0.1;0.0;0
0000000332;-78.00;10.35;58.60;-0.1;0.1;-0.1;0
0000000333;-77.90;10.45;58.70;0.1;0.1;0.1;0
0000000334;-77.80;10.45;58.65;0.1;0.0;-0.0;0
0000000335;-77.80;10.35;58.55;0.0;-0.1;-0.1;0
0000000336;-77.90;10.45;58.65;-0.1;0.1;0.1;0
0000000337;-77.80;10.35;58.75;0.1;-0.1;0.1;0
0000000338;-77.70;10.40;58.75;0.1;0.0;0.0;0
0000000339;-77.60;10.50;58.65;0.1;0.1;-0.1;0
0000000340;-77.60;10.60;58.65;0.0;0.1;0.0;0
0000000341;-77.65;10.65;58.55;-0.1;0.0;-0.1;0
0000000342;-77.75;10.55;58.50;-0.1;-0.1;-0.0;0
0000000343;-77.75;10.45;58.60;0.0;-0.1;0.1;0
0000000344;-77.75;10.50;58.65;0.0;0.1;0.1;0
0000000345;-77.80;10.50;58.75;-0.1;0.0;0.1;0
0000000346;-77.75;10.50;58.85;0.1;0.0;0.1;0
0000000347;-77.85;10.40;58.85;-0.1;-0.1;0.0;0
0000000348;-77.95;10.45;58.80;-0.1;0.1;-0.0;0
0000000349;-77.95;10.55;58.90;0.0;0.1;0.1;0
0000000350;-78.00;10.50;58.95;-0.1;-0.1;0.0;0
0000000351;-77.90;10.55;58.90;0.1;0.1;-0.0;0
0000000352;-77.90;10.65;58.95;0.0;0.1;0.0;0
0000000353;-77.80;10.65;59.05;0.1;0.0;0.1;0
0000000354;-77.80;10.55;59.15;0.0;-0.1;0.1;0
0000000355;-77.85;10.55;59.15;-0.0;0.0;0.0;0
0000000356;-77.85;10.50;59.05;0.0;-0.1;-0.1;0
0000000357;-77.85;10.50;58.95;0.0;0.0;-0.1;0
0000000358;-77.90;10.45;58.85;-0.1;-0.1;-0.1;0
0000000359;-77.95;10.40;58.85;-0.0;-0.1;0.0;0
0000000360;-78.00;10.50;58.85;-0.1;0.1;0.0;0
0000000361;-77.90;10.60;58.85;0.1;0.1;0.0;0
0000000362;-77.80;10.55;58.95;0.1;-0.1;0.1;0
0000000363;-77.85;10.50;58.90;-0.0;-0.1;-0.0;0
0000000364;-77.85;10.60;59.00;0.0;0.1;0.1;0
0000000365;-77.90;10.50;58.95;-0.1;-0.1;-0.0;0
0000000366;-77.95;10.45;58.95;-0.0;-0.1;0.0;0
0000000367;-77.95;10.50;59.05;0.0;0.1;0.1;0
0000000368;-77.90;10.40;59.00;0.0;-0.1;-0.0;0
0000000369;-77.80;10.40;58.90;0.1;0.0;-0.1;0
0000000370;-77.80;10.35;58.95;0.0;-0.0;0.0;0
0000000371;-77.85;10.45;59.00;-0.0;0.1;0.0;0
0000000372;-77.75;10.35;58.90;0.1;-0.1;-0.1;0
0000000373;-77.75;10.35;58.90;0.0;0.0;0.0;0
0000000374;-77.80;10.40;59.00;-0.1;0.0;0.1;0
0000000375;-77.85;10.35;59.05;-0.0;-0.0;0.0;0
0000000376;-77.85;10.45;59.10;0.0;0.1;0.0;0
0000000377;-77.95;10.55;59.15;-0.1;0.1;0.1;0
0000000378;-78.05;10.60;59.10;-0.1;0.1;-0.1;0
0000000379;-78.10;10.65;59.05;-0.0;0.0;-0.0;0
0000000380;-78.10;10.60;59.15;0.0;-0.0;0.1;0
0000000381;-78.20;10.50;59.10;-0.1;-0.1;-0.1;0
0000000382;-78.30;10.40;59.10;-0.1;-0.1;0.0;0
0000000383;-78.35;10.35;59.00;-0.0;-0.0;-0.1;0
0000000384;-78.25;10.30;59.00;0.1;-0.1;0.0;0
0000000385;-78.35;10.35;59.00;-0.1;0.1;0.0;0
0000000386;-78.30;10.45;59.05;0.0;0.1;0.0;0
0000000387;-78.20;10.50;59.00;0.1;0.1;-0.0;0
0000000388;-78.15;10.55;58.90;0.0;0.1;-0.1;0
0000000389;-78.15;10.60;58.90;0.0;0.1;0.0;0
0000000390;-78.05;10.55;58.80;0.1;-0.1;-0.1;0
0000000391;-78.00;10.50;58.75;0.1;-0.1;-0.0;0
0000000392;-78.00;10.60;58.85;0.0;0.1;0.1;0
0000000393;-77.95;10.55;58.90;0.1;-0.1;0.1;0
0000000394;-78.05;10.60;58.90;-0.1;0.1;0.0;0
0000000395;-78.15;10.60;58.80;-0.1;0.0;-0.1;0
0000000396;-78.10;10.50;58.70;0.1;-0.1;-0.1;0
0000000397;-78.05;10.55;58.75;0.0;0.1;0.0;0
0000000398;-77.95;10.65;58.70;0.1;0.1;-0.0;0
0000000399;-77.85;10.70;58.65;0.1;0.1;-0.0;0
0000000400;-77.95;10.60;58.60;-0.1;-0.1;-0.1;0
0000000401;-77.95;10.60;58.65;0.0;0.0;0.1;0
0000000402;-77.85;10.55;58.70;0.1;-0.1;0.0;0
0000000403;-77.80;10.45;58.65;0.0;-0.1;-0.0;0
0000000404;-77.90;10.55;58.75;-0.1;0.1;0.1;0
0000000405;-77.90;10.55;58.80;0.0;0.0;0.0;0
0000000406;-78.00;10.45;58.85;-0.1;-0.1;0.0;0
0000000407;-77.90;10.35;58.85;0.1;-0.1;0.0;0
0000000408;-77.95;10.35;58.90;-0.0;0.0;0.1;0
0000000409;-77.95;10.25;58.85;0.0;-0.1;-0.1;0
0000000410;-77.90;10.30;58.80;0.0;0.1;-0.0;0
0000000411;-77.95;10.25;58.70;-0.0;-0.1;-0.1;0
0000000412;-78.00;10.20;58.80;-0.1;-0.1;0.1;0
0000000413;-78.00;10.10;58.75;0.0;-0.1;-0.0;0
0000000414;-78.00;10.20;58.80;0.0;0.1;0.0;0
0000000415;-78.05;10.15;58.75;-0.1;-0.1;-0.0;0
0000000416;-78.05;10.25;58.70;0.0;0.1;-0.0;0
0000000417;-78.15;10.35;58.70;-0.1;0.1;0.0;0
0000000418;-78.10;10.30;58.70;0.1;-0.1;0.0;0
0000000419;-78.15;10.40;58.60;-0.1;0.1;-0.1;0
0000000420;-78.25;10.50;58.50;-0.1;0.1;-0.1;0
0000000421;-78.25;10.60;58.60;0.0;0.1;0.1;0
0000000422;-78.20;10.65;58.70;0.1;0.0;0.1;0
0000000423;-78.10;10.60;58.60;0.1;-0.0;-0.1;0
0000000424;-78.15;10.60;58.50;-0.1;0.0;-0.1;0
0000000425;-78.10;10.60;58.55;0.1;0.0;0.0;0
0000000426;-78.10;10.55;58.45;0.0;-0.1;-0.1;0
0000000427;-78.05;10.65;58.35;0.0;0.1;-0.1;0
0000000428;-78.10;10.70;58.45;-0.0;0.1;0.1;0
0000000429;-78.10;10.75;58.45;0.0;0.1;0.0;0
0000000430;-78.15;10.65;58.55;-0.1;-0.1;0.1;0
0000000431;-78.20;10.70;58.55;-0.0;0.1;0.0;0
0000000432;-78.30;10.70;58.50;-0.1;0.0;-0.0;0
0000000433;-78.25;10.75;58.40;0.1;0.1;-0.1;0
0000000434;-78.25;10.70;58.50;0.0;-0.1;0.1;0
0000000435;-78.25;10.65;58.55;0.0;-0.1;0.0;0
0000000436;-78.25;10.75;58.50;0.0;0.1;-0.0;0
0000000437;-78.35;10.75;58.60;-0.1;0.0;0.1;0
0000000438;-78.30;10.70;58.60;0.0;-0.1;0.0;0
0000000439;-78.20;10.70;58.65;0.1;0.0;0.1;0
0000000440;-78.30;10.70;58.65;-0.1;0.0;0.0;0
0000000441;-78.40;10.65;58.60;-0.1;-0.1;-0.1;0
0000000442;-78.30;10.55;58.70;0.1;-0.1;0.1;0
0000000443;-78.40;10.65;58.75;-0.1;0.1;0.0;0
0000000444;-78.35;10.55;58.65;0.1;-0.1;-0.1;0
0000000445;-78.40;10.45;58.75;-0.1;-0.1;0.1;0
0000000446;-78.40;10.55;58.75;0.0;0.1;0.0;0
0000000447;-78.30;10.50;58.85;0.1;-0.1;0.1;0
0000000448;-78.20;10.40;58.95;0.1;-0.1;0.1;0
0000000449;-78.20;10.50;58.95;0.0;0.1;0.0;0
0000000450;-78.30;10.45;58.85;-0.1;-0.1;-0.1;0
0000000451;-78.20;10.45;58.75;0.1;0.0;-0.1;0
0000000452;-78.25;10.35;58.80;-0.1;-0.1;0.0;0
0000000453;-78.15;10.45;58.90;0.1;0.1;0.1;0
0000000454;-78.20;10.35;58.80;-0.0;-0.1;-0.1;0
0000000455;-78.15;10.30;58.90;0.0;-0.1;0.1;0
0000000456;-78.25;10.40;58.85;-0.1;0.1;-0.1;0
0000000457;-78.35;10.40;58.75;-0.1;0.0;-0.1;0
0000000458;-78.40;10.30;58.70;-0.1;-0.1;-0.0;0
0000000459;-78.40;10.40;58.80;0.0;0.1;0.1;0
0000000460;-78.50;10.35;58.80;-0.1;-0.0;0.0;0
0000000461;-78.45;10.35;58.85;0.1;0.0;0.0;0
0000000462;-78.50;10.25;58.85;-0.1;-0.1;0.0;0
0000000463;-78.55;10.35;58.90;-0.1;0.1;0.1;0
0000000464;-78.60;10.45;58.95;-0.0;0.1;0.0;0
0000000465;-78.50;10.45;58.90;0.1;0.0;-0.0;0
0000000466;-78.40;10.45;58.80;0.1;0.0;-0.1;0
0000000467;-78.40;10.45;58.75;0.0;0.0;-0.0;0
0000000468;-78.40;10.50;58.85;0.0;0.1;0.1;0
0000000469;-78.35;10.60;58.95;0.1;0.1;0.1;0
0000000470;-78.45;10.70;58.85;-0.1;0.1;-0.1;0
0000000471;-78.40;10.80;58.90;0.0;0.1;0.1;0
0000000472;-78.50;10.75;58.80;-0.1;-0.1;-0.1;0
0000000473;-78.50;10.75;58.70;0.0;0.0;-0.1;0
0000000474;-78.50;10.75;58.65;0.0;0.0;-0.0;0
0000000475;-78.50;10.85;58.75;0.0;0.1;0.1;0
0000000476;-78.40;10.95;58.75;0.1;0.1;0.0;0
0000000477;-78.35;10.85;58.85;0.1;-0.1;0.1;0
0000000478;-78.30;10.90;58.75;0.0;0.0;-0.1;0
0000000479;-78.40;11.00;58.85;-0.1;0.1;0.1;0
0000000480;-78.50;10.90;58.95;-0.1;-0.1;0.1;0
0000000481;-78.45;10.80;58.95;0.1;-0.1;0.0;0
0000000482;-78.45;10.75;59.00;0.0;-0.1;0.0;0
0000000483;-78.40;10.85;59.05;0.0;0.1;0.0;0
0000000484;-78.30;10.85;58.95;0.1;0.0;-0.1;0
0000000485;-78.25;10.90;58.95;0.1;0.0;0.0;0
0000000486;-78.20;10.90;58.85;0.1;0.0;-0.1;0
0000000487;-78.20;10.90;58.85;0.0;0.0;0.0;0
0000000488;-78.20;10.95;58.85;0.0;0.1;0.0;0
0000000489;-78.20;10.85;58.95;0.0;-0.1;0.1;0
0000000490;-78.25;10.95;58.90;-0.1;0.1;-0.0;0
0000000491;-78.30;11.05;58.90;-0.1;0.1;0.0;0
0000000492;-78.35;11.00;58.85;-0.0;-0.1;-0.1;0
0000000493;-78.35;10.90;58.90;0.0;-0.1;0.1;0
0000000494;-78.45;10.80;58.95;-0.1;-0.1;0.0;0
0000000495;-78.40;10.75;59.00;0.0;-0.1;0.0;0
0000000496;-78.40;10.65;58.90;0.0;-0.1;-0.1;0
0000000497;-78.50;10.55;59.00;-0.1;-0.1;0.1;0
0000000498;-78.50;10.50;59.10;0.0;-0.1;0.1;0
0000000499;-78.50;10.55;59.15;0.0;0.1;0.1;0
0000000500;-78.45;10.50;59.10;0.1;-0.1;-0.1;0
0000000501;-78.45;10.40;59.10;0.0;-0.1;0.0;0
0000000502;-78.50;10.35;59.15;-0.1;-0.0;0.1;0
0000000503;-78.60;10.25;59.05;-0.1;-0.1;-0.1;0
0000000504;-78.70;10.15;58.95;-0.1;-0.1;-0.1;0
0000000505;-78.80;10.15;59.00;-0.1;0.0;0.0;0
0000000506;-78.75;10.15;59.10;0.1;0.0;0.1;0
0000000507;-78.85;10.20;59.20;-0.1;0.1;0.1;0
0000000508;-78.95;10.20;59.30;-0.1;0.0;0.1;0
0000000509;-78.95;10.15;59.30;0.0;-0.1;0.0;0
0000000510;-79.05;10.20;59.35;-0.1;0.1;0.0;0
0000000511;-79.00;10.30;59.45;0.1;0.1;0.1;0
0000000512;-78.90;10.25;59.45;0.1;-0.1;0.0;0
0000000513;-79.00;10.15;59.45;-0.1;-0.1;0.0;0
0000000514;-79.10;10.15;59.45;-0.1;0.0;0.0;0
0000000515;-79.05;10.05;59.55;0.0;-0.1;0.1;0
0000000516;-79.10;10.05;59.55;-0.0;0.0;0.0;0
0000000517;-79.00;10.05;59.60;0.1;0.0;0.0;0
0000000518;-79.05;10.05;59.50;-0.1;0.0;-0.1;0
0000000519;-79.00;9.95;59.45;0.1;-0.1;-0.0;0
0000000520;-78.90;9.95;59.35;0.1;0.0;-0.1;0
0000000521;-78.80;10.05;59.30;0.1;0.1;-0.0;0
0000000522;-78.70;10.10;59.40;0.1;0.1;0.1;0
0000000523;-78.70;10.10;59.40;0.0;0.0;0.0;0
0000000524;-78.70;10.05;59.45;0.0;-0.1;0.0;0
0000000525;-78.75;10.10;59.55;-0.1;0.1;0.1;0
0000000526;-78.65;10.05;59.60;0.1;-0.1;0.0;0
0000000527;-78.70;9.95;59.70;-0.0;-0.1;0.1;0
0000000528;-78.60;10.00;59.75;0.1;0.1;0.0;0
0000000529;-78.50;9.90;59.65;0.1;-0.1;-0.1;0
0000000530;-78.55;9.80;59.60;-0.1;-0.1;-0.1;0
0000000531;-78.50;9.70;59.60;0.1;-0.1;0.0;0
0000000532;-78.45;9.65;59.60;0.1;-0.1;0.0;0
0000000533;-78.45;9.75;59.65;0.0;0.1;0.1;0
0000000534;-78.50;9.80;59.55;-0.1;0.1;-0.1;0
0000000535;-78.50;9.75;59.55;0.0;-0.1;0.0;0
0000000536;-78.50;9.65;59.45;0.0;-0.1;-0.1;0
0000000537;-78.45;9.75;59.50;0.1;0.1;0.0;0
0000000538;-78.45;9.85;59.60;0.0;0.1;0.1;0
0000000539;-78.55;9.90;59.60;-0.1;0.0;0.0;0
0000000540;-78.60;9.95;59.65;-0.0;0.1;0.1;0
0000000541;-78.70;10.00;59.75;-0.1;0.1;0.1;0
0000000542;-78.65;10.10;59.65;0.0;0.1;-0.1;0
0000000543;-78.55;10.00;59.75;0.1;-0.1;0.1;0
0000000544;-78.60;10.05;59.70;-0.0;0.1;-0.0;0
0000000545;-78.50;10.00;59.70;0.1;-0.1;0.0;0
0000000546;-78.60;9.90;59.60;-0.1;-0.1;-0.1;0
0000000547;-78.55;9.85;59.70;0.0;-0.0;0.1;0
0000000548;-78.65;9.85;59.70;-0.1;0.0;0.0;0
0000000549;-78.65;9.90;59.60;0.0;0.0;-0.1;0
0000000550;-78.70;9.90;59.55;-0.0;0.0;-0.0;0
0000000551;-78.80;9.90;59.50;-0.1;0.0;-0.0;0
0000000552;-78.90;9.95;59.40;-0.1;0.1;-0.1;0
0000000553;-78.95;10.05;59.30;-0.0;0.1;-0.1;0
0000000554;-78.95;10.05;59.30;0.0;0.0;0.0;0
0000000555;-78.95;9.95;59.30;0.0;-0.1;0.0;0
0000000556;-78.85;9.90;59.20;0.1;-0.1;-0.1;0
0000000557;-78.80;10.00;59.10;0.0;0.1;-0.1;0
0000000558;-78.85;9.95;59.20;-0.0;-0.1;0.1;0
0000000559;-78.95;9.85;59.10;-0.1;-0.1;-0.1;0
0000000560;-78.95;9.80;59.00;0.0;-0.1;-0.1;0
0000000561;-78.95;9.75;58.95;0.0;-0.1;-0.0;0
0000000562;-78.95;9.70;58.95;0.0;-0.1;0.0;0
0000000563;-78.90;9.75;58.90;0.0;0.1;-0.0;0
0000000564;-79.00;9.75;58.80;-0.1;0.0;-0.1;0
0000000565;-78.95;9.75;58.80;0.1;0.0;0.0;0
0000000566;-78.95;9.65;58.90;0.0;-0.1;0.1;0
0000000567;-78.90;9.60;58.80;0.0;-0.0;-0.1;0
0000000568;-78.95;9.65;58.75;-0.0;0.0;-0.0;0
0000000569;-78.90;9.75;58.75;0.0;0.1;0.0;0
0000000570;-78.85;9.65;58.85;0.1;-0.1;0.1;0
0000000571;-78.75;9.60;58.85;0.1;-0.0;0.0;0
0000000572;-78.70;9.50;58.95;0.1;-0.1;0.1;0
0000000573;-78.80;9.60;59.05;-0.1;0.1;0.1;0
0000000574;-78.75;9.65;59.15;0.1;0.0;0.1;0
0000000575;-78.70;9.55;59.15;0.1;-0.1;0.0;0
0000000576;-78.60;9.50;59.25;0.1;-0.1;0.1;0
0000000577;-78.55;9.40;59.35;0.0;-0.1;0.1;0
0000000578;-78.60;9.40;59.25;-0.0;0.0;-0.1;0
0000000579;-78.55;9.45;59.25;0.0;0.1;0.0;0
0000000580;-78.45;9.50;59.20;0.1;0.1;-0.0;0
0000000581;-78.45;9.60;59.25;0.0;0.1;0.0;0
0000000582;-78.50;9.60;59.25;-0.1;0.0;0.0;0
0000000583;-78.50;9.60;59.15;0.0;0.0;-0.1;0
0000000584;-78.60;9.55;59.20;-0.1;-0.1;0.0;0
0000000585;-78.55;9.55;59.10;0.0;0.0;-0.1;0
0000000586;-78.45;9.65;59.10;0.1;0.1;0.0;0
0000000587;-78.35;9.70;59.00;0.1;0.1;-0.1;0
0000000588;-78.40;9.80;58.90;-0.1;0.1;-0.1;0
0000000589;-78.50;9.80;58.90;-0.1;0.0;0.0;0
0000000590;-78.50;9.90;58.95;0.0;0.1;0.0;0
0000000591;-78.40;9.85;59.05;0.1;-0.0;0.1;0
0000000592;-78.45;9.80;59.05;-0.0;-0.1;0.0;0
0000000593;-78.40;9.90;58.95;0.0;0.1;-0.1;0
0000000594;-78.50;9.80;58.85;-0.1;-0.1;-0.1;0
0000000595;-78.45;9.75;58.75;0.1;-0.1;-0.1;0
0000000596;-78.55;9.70;58.65;-0.1;-0.1;-0.1;0
0000000597;-78.55;9.80;58.65;0.0;0.1;0.0;0
0000000598;-78.60;9.80;58.70;-0.0;0.0;0.0;0
0000000599;-78.65;9.90;58.70;-0.1;0.1;0.0;0
0000000600;-78.55;9.95;58.65;0.1;0.1;-0.0;0
0000000601;-78.65;10.00;58.75;-0.1;0.1;0.1;0
0000000602;-78.65;9.95;58.65;0.0;-0.1;-0.1;0
0000000603;-78.55;9.95;58.60;0.1;0.0;-0.1;0
0000000604;-78.55;9.90;58.70;0.0;-0.1;0.1;0
0000000605;-78.55;9.85;58.70;0.0;-0.0;0.0;0
0000000606;-78.65;9.95;58.70;-0.1;0.1;0.0;0
0000000607;-78.60;10.05;58.75;0.1;0.1;0.0;0
0000000608;-78.70;10.00;58.75;-0.1;-0.1;0.0;0
0000000609;-78.80;9.95;58.70;-0.1;-0.1;-0.0;1
0000000610;-78.85;9.90;58.70;-0.0;-0.1;0.0;1
0000000611;-78.90;9.85;58.80;-0.1;-0.0;0.1;1
0000000612;-78.95;9.90;58.90;-0.0;0.0;0.1;1
0000000613;-79.00;9.95;58.85;-0.1;0.1;-0.1;1
0000000614;-79.00;9.85;58.95;0.0;-0.1;0.1;1
0000000615;-79.10;9.80;59.05;-0.1;-0.1;0.1;1
0000000616;-79.05;9.70;59.10;0.0;-0.1;0.0;1
0000000617;-79.05;9.75;59.20;0.0;0.1;0.1;1
0000000618;-79.15;9.70;59.30;-0.1;-0.1;0.1;1
0000000619;-79.20;9.80;59.20;-0.0;0.1;-0.1;1
0000000620;-79.10;9.75;59.30;0.1;-0.1;0.1;1
0000000621;-79.00;9.75;59.40;0.1;0.0;0.1;1
0000000622;-79.00;9.65;59.35;0.0;-0.1;-0.1;1
0000000623;-79.00;9.75;59.45;0.0;0.1;0.1;1
0000000624;-78.95;9.70;59.50;0.1;-0.1;0.0;1
0000000625;-78.95;9.80;59.50;0.0;0.1;0.0;1
0000000626;-78.95;9.80;59.40;0.0;0.0;-0.1;1
0000000627;-78.85;9.85;59.30;0.1;0.1;-0.1;1
0000000628;-78.75;9.90;59.25;0.1;0.0;-0.0;1
0000000629;-78.65;9.90;59.35;0.1;0.0;0.1;1
0000000630;-78.75;9.90;59.25;-0.1;0.0;-0.1;1
0000000631;-78.85;10.00;59.15;-0.1;0.1;-0.1;1
0000000632;-78.85;10.05;59.15;0.0;0.1;0.0;1
0000000633;-78.80;10.00;59.10;0.0;-0.1;-0.1;1
0000000634;-78.70;10.05;59.00;0.1;0.1;-0.1;1
0000000635;-78.75;10.15;58.90;-0.1;0.1;-0.1;1
0000000636;-78.70;10.15;58.80;0.1;0.0;-0.1;1
0000000637;-78.80;10.10;58.80;-0.1;-0.0;0.0;1
0000000638;-78.85;10.10;58.85;-0.0;0.0;0.0;1
0000000639;-78.90;10.05;58.80;-0.1;-0.1;-0.0;1
0000000640;-78.95;10.05;58.75;-0.0;0.0;-0.0;1
0000000641;-79.00;10.15;58.65;-0.1;0.1;-0.1;1
0000000642;-79.05;10.05;58.70;-0.1;-0.1;0.0;1
0000000643;-78.95;10.05;58.60;0.1;0.0;-0.1;1
0000000644;-79.05;10.10;58.65;-0.1;0.1;0.1;1
0000000645;-79.10;10.20;58.75;-0.0;0.1;0.1;1
0000000646;-79.20;10.10;58.80;-0.1;-0.1;0.0;1
0000000647;-79.10;10.00;58.70;0.1;-0.1;-0.1;1
0000000648;-79.00;9.95;58.60;0.1;-0.1;-0.1;1
0000000649;-78.95;9.90;58.60;0.1;-0.1;0.0;1
0000000650;-78.90;9.90;58.65;0.0;0.0;0.1;1
0000000651;-78.85;10.00;58.65;0.1;0.1;0.0;1
0000000652;-78.90;10.00;58.70;-0.1;0.0;0.0;1
0000000653;-78.90;10.10;58.70;0.0;0.1;0.0;1
0000000654;-78.90;10.20;58.75;0.0;0.1;0.0;1
0000000655;-78.95;10.15;58.75;-0.0;-0.1;0.0;1
0000000656;-78.95;10.15;58.85;0.0;0.0;0.1;1
0000000657;-79.00;10.25;58.85;-0.1;0.1;0.0;1
0000000658;-79.10;10.15;58.95;-0.1;-0.1;0.1;1
0000000659;-79.10;10.10;58.85;0.0;-0.0;-0.1;1
0000000660;-79.00;10.10;58.95;0.1;0.0;0.1;1
0000000661;-79.10;10.10;59.00;-0.1;0.0;0.0;1
0000000662;-79.05;10.20;58.95;0.0;0.1;-0.0;1
0000000663;-79.15;10.25;58.85;-0.1;0.1;-0.1;1
0000000664;-79.05;10.15;58.90;0.1;-0.1;0.1;1
0000000665;-78.95;10.15;58.80;0.1;0.0;-0.1;1
0000000666;-79.00;10.05;58.80;-0.1;-0.1;0.0;1
0000000667;-79.10;10.05;58.90;-0.1;0.0;0.1;1
0000000668;-79.15;10.15;59.00;-0.1;0.1;0.1;1
0000000669;-79.10;10.05;59.00;0.1;-0.1;0.0;1
0000000670;-79.05;10.05;58.95;0.0;0.0;-0.0;1
0000000671;-79.10;9.95;59.05;-0.0;-0.1;0.1;1
0000000672;-79.20;9.90;59.15;-0.1;-0.1;0.1;1
0000000673;-79.15;10.00;59.10;0.0;0.1;-0.1;1
0000000674;-79.25;9.95;59.00;-0.1;-0.1;-0.1;1
0000000675;-79.35;10.00;59.00;-0.1;0.1;0.0;1
0000000676;-79.40;10.00;58.90;-0.1;0.0;-0.1;1
0000000677;-79.45;10.05;58.95;-0.0;0.1;0.0;1
0000000678;-79.55;9.95;58.95;-0.1;-0.1;0.0;1
0000000679;-79.65;10.05;58.90;-0.1;0.1;-0.0;1
0000000680;-79.55;10.00;58.95;0.1;-0.1;0.0;1
0000000681;-79.65;10.00;58.90;-0.1;0.0;-0.0;1
0000000682;-79.70;9.95;58.90;-0.0;-0.1;0.0;1
0000000683;-79.65;9.95;59.00;0.0;0.0;0.1;1
0000000684;-79.65;10.00;58.95;0.0;0.1;-0.0;1
0000000685;-79.65;10.05;58.95;0.0;0.1;0.0;1
0000000686;-79.75;10.05;59.05;-0.1;0.0;0.1;1
0000000687;-79.65;10.10;59.15;0.1;0.1;0.1;1
0000000688;-79.75;10.10;59.20;-0.1;0.0;0.0;1
0000000689;-79.80;10.05;59.10;-0.1;-0.1;-0.1;1
0000000690;-79.90;10.00;59.20;-0.1;-0.1;0.1;1
0000000691;-80.00;10.00;59.25;-0.1;0.0;0.0;1
0000000692;-80.00;10.10;59.30;0.0;0.1;0.0;1
0000000693;-80.10;10.00;59.30;-0.1;-0.1;0.0;1
0000000694;-80.00;10.05;59.20;0.1;0.1;-0.1;1
0000000695;-79.90;9.95;59.15;0.1;-0.1;-0.0;1
0000000696;-79.85;10.00;59.15;0.1;0.1;0.0;1
0000000697;-79.85;10.00;59.20;0.0;0.0;0.0;1
0000000698;-79.80;10.05;59.10;0.0;0.1;-0.1;1
0000000699;-79.80;10.05;59.05;0.0;0.0;-0.0;1
0000000700;-79.80;10.15;59.00;0.0;0.1;-0.0;1
0000000701;-79.85;10.20;59.00;-0.0;0.1;0.0;1
0000000702;-79.85;10.10;59.10;0.0;-0.1;0.1;1
0000000703;-79.75;10.05;59.20;0.1;-0.1;0.1;1
0000000704;-79.80;9.95;59.20;-0.1;-0.1;0.0;1
0000000705;-79.70;9.95;59.30;0.1;0.0;0.1;1
0000000706;-79.75;9.95;59.40;-0.1;0.0;0.1;1
0000000707;-79.85;9.90;59.35;-0.1;-0.1;-0.1;1
0000000708;-79.75;9.85;59.45;0.1;-0.0;0.1;1
0000000709;-79.85;9.85;59.40;-0.1;0.0;-0.0;1
0000000710;-79.90;9.85;59.35;-0.1;0.0;-0.1;1
0000000711;-79.80;9.80;59.45;0.1;-0.1;0.1;1
0000000712;-79.70;9.75;59.55;0.1;-0.1;0.1;1
0000000713;-79.70;9.80;59.60;0.0;0.1;0.0;1
0000000714;-79.80;9.70;59.65;-0.1;-0.1;0.1;1
0000000715;-79.70;9.75;59.55;0.1;0.1;-0.1;1
0000000716;-79.80;9.85;59.65;-0.1;0.1;0.1;1
0000000717;-79.75;9.75;59.75;0.1;-0.1;0.1;1
0000000718;-79.80;9.65;59.70;-0.1;-0.1;-0.0;1
0000000719;-79.85;9.60;59.80;-0.0;-0.0;0.1;1
0000000720;-79.90;9.70;59.70;-0.1;0.1;-0.1;1
0000000721;-79.80;9.80;59.80;0.1;0.1;0.1;1
0000000722;-79.90;9.80;59.70;-0.1;0.0;-0.1;1
0000000723;-79.85;9.90;59.70;0.1;0.1;0.0;1
0000000724;-79.90;10.00;59.65;-0.1;0.1;-0.0;1
0000000725;-79.95;10.10;59.60;-0.0;0.1;-0.1;1
0000000726;-80.05;10.10;59.60;-0.1;0.0;0.0;1
0000000727;-80.00;10.15;59.70;0.1;0.0;0.1;1
0000000728;-79.90;10.10;59.60;0.1;-0.0;-0.1;1
0000000729;-79.80;10.20;59.50;0.1;0.1;-0.1;1
0000000730;-79.85;10.25;59.40;-0.0;0.1;-0.1;1
0000000731;-79.85;10.15;59.35;0.0;-0.1;-0.1;1
0000000732;-79.85;10.10;59.25;0.0;-0.0;-0.1;1
0000000733;-79.85;10.15;59.15;0.0;0.0;-0.1;1
0000000734;-79.80;10.10;59.25;0.0;-0.0;0.1;1
0000000735;-79.70;10.05;59.25;0.1;-0.1;0.0;1
0000000736;-79.65;10.10;59.35;0.0;0.1;0.1;1
0000000737;-79.70;10.20;59.40;-0.0;0.1;0.1;1
0000000738;-79.65;10.25;59.45;0.0;0.1;0.0;1
0000000739;-79.55;10.25;59.40;0.1;0.0;-0.0;1
0000000740;-79.45;10.15;59.40;0.1;-0.1;0.0;1
0000000741;-79.40;10.25;59.45;0.0;0.1;0.0;1
0000000742;-79.35;10.25;59.35;0.1;0.0;-0.1;1
0000000743;-79.45;10.30;59.40;-0.1;0.1;0.1;1
0000000744;-79.45;10.35;59.30;0.0;0.1;-0.1;1
0000000745;-79.40;10.45;59.25;0.0;0.1;-0.0;1
0000000746;-79.30;10.40;59.25;0.1;-0.1;0.0;1
0000000747;-79.20;10.40;59.30;0.1;0.0;0.0;1
0000000748;-79.25;10.30;59.30;-0.1;-0.1;0.0;1
0000000749;-79.30;10.40;59.35;-0.1;0.1;0.0;1
0000000750;-79.25;10.40;59.35;0.1;0.0;0.0;1
0000000751;-79.20;10.40;59.40;0.1;0.0;0.1;1
0000000752;-79.20;10.45;59.35;0.0;0.1;-0.1;1
0000000753;-79.15;10.40;59.30;0.0;-0.1;-0.0;1
0000000754;-79.25;10.45;59.40;-0.1;0.1;0.1;1
0000000755;-79.35;10.50;59.45;-0.1;0.1;0.0;1
0000000756;-79.30;10.50;59.55;0.0;0.0;0.1;1
0000000757;-79.35;10.60;59.55;-0.0;0.1;0.0;1
0000000758;-79.25;10.55;59.45;0.1;-0.1;-0.1;1
0000000759;-79.30;10.50;59.50;-0.1;-0.1;0.0;1
0000000760;-79.35;10.60;59.55;-0.0;0.1;0.0;1
0000000761;-79.45;10.55;59.45;-0.1;-0.1;-0.1;1
0000000762;-79.40;10.50;59.50;0.0;-0.1;0.0;1
0000000763;-79.35;10.60;59.40;0.1;0.1;-0.1;1
0000000764;-79.35;10.70;59.30;0.0;0.1;-0.1;1
0000000765;-79.45;10.75;59.25;-0.1;0.1;-0.0;1
0000000766;-79.55;10.80;59.20;-0.1;0.1;-0.0;1
0000000767;-79.60;10.80;59.20;-0.0;0.0;0.0;1
0000000768;-79.65;10.75;59.20;-0.1;-0.1;0.0;1
0000000769;-79.65;10.70;59.10;0.0;-0.1;-0.1;1
0000000770;-79.60;10.80;59.15;0.1;0.1;0.1;1
0000000771;-79.50;10.90;59.05;0.1;0.1;-0.1;1
0000000772;-79.60;10.90;58.95;-0.1;0.0;-0.1;1
0000000773;-79.70;10.95;59.00;-0.1;0.1;0.0;1
0000000774;-79.80;10.85;59.10;-0.1;-0.1;0.1;1
0000000775;-79.85;10.85;59.20;-0.0;0.0;0.1;1
0000000776;-79.95;10.80;59.10;-0.1;-0.1;-0.1;1
0000000777;-79.85;10.70;59.20;0.1;-0.1;0.1;1
0000000778;-79.75;10.65;59.20;0.1;-0.1;0.0;1
0000000779;-79.80;10.75;59.25;-0.1;0.1;0.0;1
0000000780;-79.85;10.65;59.20;-0.0;-0.1;-0.0;1
0000000781;-79.95;10.75;59.20;-0.1;0.1;0.0;1
0000000782;-80.05;10.80;59.30;-0.1;0.1;0.1;1
0000000783;-80.00;10.80;59.30;0.1;0.0;0.0;1
0000000784;-80.00;10.75;59.40;0.0;-0.1;0.1;1
0000000785;-79.95;10.65;59.40;0.1;-0.1;0.0;1
0000000786;-80.05;10.75;59.30;-0.1;0.1;-0.1;1
0000000787;-80.15;10.65;59.40;-0.1;-0.1;0.1;1
0000000788;-80.05;10.70;59.35;0.1;0.1;-0.1;1
0000000789;-80.15;10.60;59.35;-0.1;-0.1;0.0;1
0000000790;-80.20;10.65;59.25;-0.0;0.0;-0.1;1
0000000791;-80.20;10.75;59.25;0.0;0.1;0.0;1
0000000792;-80.15;10.70;59.20;0.0;-0.1;-0.0;1
0000000793;-80.15;10.60;59.15;0.0;-0.1;-0.0;1
0000000794;-80.25;10.60;59.20;-0.1;0.0;0.0;1
0000000795;-80.35;10.60;59.20;-0.1;0.0;0.0;1
0000000796;-80.40;10.70;59.30;-0.1;0.1;0.1;1
0000000797;-80.45;10.70;59.30;-0.0;0.0;0.0;1
0000000798;-80.35;10.75;59.30;0.1;0.1;0.0;1
0000000799;-80.35;10.80;59.40;0.0;0.1;0.1;1
0000000800;-80.45;10.90;59.30;-0.1;0.1;-0.1;1
0000000801;-80.40;10.85;59.35;0.0;-0.0;0.0;1
0000000802;-80.45;10.75;59.25;-0.0;-0.1;-0.1;1
0000000803;-80.50;10.80;59.15;-0.1;0.1;-0.1;1
0000000804;-80.50;10.90;59.25;0.0;0.1;0.1;1
0000000805;-80.60;10.90;59.15;-0.1;0.0;-0.1;1
0000000806;-80.65;10.85;59.05;-0.1;-0.0;-0.1;1
0000000807;-80.70;10.80;59.00;-0.0;-0.1;-0.0;1
0000000808;-80.75;10.75;59.05;-0.1;-0.1;0.0;1
0000000809;-80.85;10.80;59.15;-0.1;0.1;0.1;1
0000000810;-80.90;10.75;59.10;-0.1;-0.1;-0.1;1
0000000811;-80.80;10.65;59.20;0.1;-0.1;0.1;1
0000000812;-80.90;10.75;59.25;-0.1;0.1;0.0;1
0000000813;-81.00;10.85;59.20;-0.1;0.1;-0.0;1
0000000814;-81.00;10.95;59.10;0.0;0.1;-0.1;1
0000000815;-80.95;11.00;59.05;0.1;0.1;-0.0;0
0000000816;-80.95;11.05;59.05;0.0;0.1;0.0;0
0000000817;-80.95;11.10;59.10;0.0;0.1;0.0;0
0000000818;-80.95;11.05;59.05;0.0;-0.1;-0.0;0
0000000819;-80.85;11.05;59.15;0.1;0.0;0.1;0
0000000820;-80.90;11.05;59.25;-0.1;0.0;0.1;0
0000000821;-80.85;11.00;59.15;0.1;-0.1;-0.1;0
0000000822;-80.90;10.95;59.05;-0.1;-0.1;-0.1;0
0000000823;-81.00;10.90;59.05;-0.1;-0.1;0.0;0
0000000824;-80.95;11.00;59.10;0.1;0.1;0.0;0
0000000825;-80.95;11.00;59.05;0.0;0.0;-0.0;0
0000000826;-80.90;11.10;59.00;0.0;0.1;-0.0;0
0000000827;-80.85;11.15;59.10;0.1;0.0;0.1;0
0000000828;-80.75;11.20;59.00;0.1;0.1;-0.1;0
0000000829;-80.65;11.15;59.00;0.1;-0.1;0.0;0
0000000830;-80.70;11.25;59.10;-0.0;0.1;0.1;0
0000000831;-80.75;11.15;59.15;-0.1;-0.1;0.1;0
0000000832;-80.75;11.25;59.15;0.0;0.1;0.0;0
0000000833;-80.75;11.20;59.15;0.0;-0.1;0.0;0
0000000834;-80.65;11.10;59.20;0.1;-0.1;0.0;0
0000000835;-80.65;11.15;59.10;0.0;0.0;-0.1;0
0000000836;-80.75;11.15;59.00;-0.1;0.0;-0.1;0
0000000837;-80.75;11.25;58.90;0.0;0.1;-0.1;0
0000000838;-80.75;11.30;58.85;0.0;0.1;-0.1;0
0000000839;-80.70;11.20;58.90;0.1;-0.1;0.1;0
0000000840;-80.65;11.10;58.80;0.0;-0.1;-0.1;0
0000000841;-80.65;11.00;58.85;0.0;-0.1;0.0;0
0000000842;-80.65;11.00;58.85;0.0;0.0;0.0;0
0000000843;-80.75;11.00;58.75;-0.1;0.0;-0.1;0
0000000844;-80.85;11.05;58.85;-0.1;0.1;0.1;0
0000000845;-80.80;11.00;58.95;0.0;-0.1;0.1;0
0000000846;-80.70;11.00;58.95;0.1;0.0;0.0;0
0000000847;-80.80;10.90;59.00;-0.1;-0.1;0.0;0
0000000848;-80.75;10.90;59.05;0.1;0.0;0.0;0
0000000849;-80.80;10.80;59.00;-0.1;-0.1;-0.0;0
0000000850;-80.75;10.70;59.00;0.1;-0.1;0.0;0
0000000851;-80.80;10.65;59.00;-0.1;-0.1;0.0;0
0000000852;-80.80;10.55;58.90;0.0;-0.1;-0.1;0
0000000853;-80.90;10.45;58.95;-0.1;-0.1;0.0;0
0000000854;-80.85;10.55;58.90;0.1;0.1;-0.0;0
0000000855;-80.75;10.55;58.80;0.1;0.0;-0.1;0
0000000856;-80.80;10.60;58.90;-0.1;0.1;0.1;0
0000000857;-80.85;10.60;59.00;-0.0;0.0;0.1;0
0000000858;-80.75;10.50;58.90;0.1;-0.1;-0.1;0
0000000859;-80.75;10.60;58.95;0.0;0.1;0.0;0
0000000860;-80.75;10.60;58.95;0.0;0.0;0.0;0
0000000861;-80.80;10.55;59.00;-0.1;-0.1;0.0;0
0000000862;-80.90;10.60;58.90;-0.1;0.1;-0.1;0
0000000863;-80.90;10.60;58.95;0.0;0.0;0.0;0
0000000864;-80.90;10.65;58.90;0.0;0.0;-0.0;0
0000000865;-80.80;10.60;58.80;0.1;-0.0;-0.1;0
0000000866;-80.85;10.60;58.90;-0.0;0.0;0.1;0
0000000867;-80.95;10.50;58.95;-0.1;-0.1;0.0;0
0000000868;-80.90;10.45;59.05;0.0;-0.1;0.1;0
0000000869;-81.00;10.35;58.95;-0.1;-0.1;-0.1;0
0000000870;-80.90;10.35;59.05;0.1;0.0;0.1;0
0000000871;-80.85;10.40;58.95;0.1;0.0;-0.1;0
0000000872;-80.80;10.30;59.00;0.0;-0.1;0.0;0
0000000873;-80.85;10.35;59.05;-0.0;0.1;0.0;0
0000000874;-80.90;10.45;59.15;-0.1;0.1;0.1;0
0000000875;-80.95;10.50;59.25;-0.0;0.1;0.1;0
0000000876;-81.05;10.50;59.30;-0.1;0.0;0.0;0
0000000877;-81.00;10.40;59.20;0.1;-0.1;-0.1;0
0000000878;-81.10;10.50;59.10;-0.1;0.1;-0.1;0
0000000879;-81.00;10.55;59.15;0.1;0.1;0.1;0
0000000880;-80.95;10.65;59.15;0.1;0.1;0.0;0
0000000881;-81.00;10.65;59.05;-0.1;0.0;-0.1;0
0000000882;-80.95;10.70;59.15;0.1;0.1;0.1;0
0000000883;-80.90;10.70;59.10;0.0;0.0;-0.1;0
0000000884;-80.80;10.75;59.05;0.1;0.1;-0.0;0
0000000885;-80.70;10.75;59.05;0.1;0.0;0.0;0
0000000886;-80.65;10.70;58.95;0.0;-0.1;-0.1;0
0000000887;-80.70;10.70;58.90;-0.0;0.0;-0.0;0
0000000888;-80.65;10.80;58.90;0.0;0.1;0.0;0
0000000889;-80.70;10.85;58.90;-0.0;0.1;0.0;0
0000000890;-80.65;10.75;58.90;0.0;-0.1;0.0;0
0000000891;-80.65;10.80;58.95;0.0;0.1;0.0;0
0000000892;-80.65;10.90;58.85;0.0;0.1;-0.1;0
0000000893;-80.65;11.00;58.90;0.0;0.1;0.1;0
0000000894;-80.75;11.10;58.95;-0.1;0.1;0.0;0
0000000895;-80.75;11.00;58.85;0.0;-0.1;-0.1;0
0000000896;-80.85;10.95;58.90;-0.1;-0.1;0.1;0
0000000897;-80.85;11.05;59.00;0.0;0.1;0.1;0
0000000898;-80.90;11.00;59.00;-0.1;-0.1;0.0;0
0000000899;-80.80;10.95;59.05;0.1;-0.1;0.0;0
0000000900;-80.90;11.00;59.00;-0.1;0.1;-0.0;0
0000000901;-80.95;11.10;59.00;-0.0;0.1;0.0;0
0000000902;-81.00;11.00;58.90;-0.1;-0.1;-0.1;0
0000000903;-80.95;10.95;58.85;0.1;-0.1;-0.1;0
0000000904;-80.90;11.05;58.80;0.0;0.1;-0.0;0
0000000905;-80.85;10.95;58.85;0.1;-0.1;0.0;0
0000000906;-80.85;10.90;58.95;0.0;-0.1;0.1;0
0000000907;-80.95;10.80;59.00;-0.1;-0.1;0.0;0
0000000908;-81.05;10.85;58.95;-0.1;0.1;-0.0;0
0000000909;-81.15;10.75;58.90;-0.1;-0.1;-0.0;0
0000000910;-81.15;10.65;58.95;0.0;-0.1;0.0;0
0000000911;-81.20;10.75;58.85;-0.0;0.1;-0.1;0
0000000912;-81.15;10.80;58.75;0.0;0.1;-0.1;0
0000000913;-81.15;10.80;58.70;0.0;0.0;-0.0;0
0000000914;-81.10;10.80;58.75;0.1;0.0;0.0;0
0000000915;-81.15;10.90;58.80;-0.1;0.1;0.0;0
0000000916;-81.25;10.85;58.90;-0.1;-0.0;0.1;0
0000000917;-81.20;10.85;58.80;0.1;0.0;-0.1;0
0000000918;-81.20;10.75;58.75;0.0;-0.1;-0.0;0
0000000919;-81.10;10.85;58.85;0.1;0.1;0.1;0
0000000920;-81.05;10.90;58.85;0.0;0.0;0.0;0
0000000921;-80.95;10.90;58.85;0.1;0.0;0.0;0
0000000922;-80.90;10.85;58.95;0.0;-0.0;0.1;0
0000000923;-80.80;10.95;59.05;0.1;0.1;0.1;0
0000000924;-80.70;10.85;58.95;0.1;-0.1;-0.1;0
0000000925;-80.65;10.80;59.00;0.0;-0.1;0.0;0
0000000926;-80.70;10.70;58.90;-0.0;-0.1;-0.1;0
0000000927;-80.70;10.80;58.90;0.0;0.1;0.0;0
0000000928;-80.75;10.85;58.95;-0.1;0.1;0.0;0
0000000929;-80.70;10.75;58.90;0.1;-0.1;-0.0;0
0000000930;-80.65;10.65;58.85;0.0;-0.1;-0.1;0
0000000931;-80.55;10.75;58.75;0.1;0.1;-0.1;0
0000000932;-80.65;10.85;58.65;-0.1;0.1;-0.1;0
0000000933;-80.55;10.85;58.55;0.1;0.0;-0.1;0
0000000934;-80.60;10.95;58.50;-0.0;0.1;-0.0;0
0000000935;-80.55;11.05;58.40;0.0;0.1;-0.1;0
0000000936;-80.45;10.95;58.45;0.1;-0.1;0.0;0
0000000937;-80.50;10.95;58.35;-0.1;0.0;-0.1;0
0000000938;-80.50;10.85;58.45;0.0;-0.1;0.1;0
0000000939;-80.60;10.80;58.35;-0.1;-0.1;-0.1;0
0000000940;-80.55;10.90;58.30;0.0;0.1;-0.0;0
0000000941;-80.50;11.00;58.40;0.1;0.1;0.1;0
0000000942;-80.60;11.05;58.30;-0.1;0.1;-0.1;0
0000000943;-80.60;11.15;58.30;0.0;0.1;0.0;0
0000000944;-80.50;11.15;58.35;0.1;0.0;0.0;0
0000000945;-80.55;11.10;58.45;-0.1;-0.0;0.1;0
0000000946;-80.60;11.00;58.45;-0.0;-0.1;0.0;0
0000000947;-80.65;11.10;58.40;-0.1;0.1;-0.0;0
0000000948;-80.60;11.05;58.45;0.1;-0.1;0.0;0
0000000949;-80.55;11.10;58.40;0.0;0.1;-0.0;0
0000000950;-80.45;11.20;58.50;0.1;0.1;0.1;0
0000000951;-80.45;11.20;58.45;0.0;0.0;-0.0;0
0000000952;-80.35;11.15;58.45;0.1;-0.1;0.0;0
0000000953;-80.40;11.10;58.55;-0.1;-0.0;0.1;0
0000000954;-80.35;11.15;58.60;0.1;0.0;0.0;0
0000000955;-80.25;11.10;58.60;0.1;-0.0;0.0;0
0000000956;-80.25;11.00;58.55;0.0;-0.1;-0.0;0
0000000957;-80.20;11.05;58.60;0.1;0.1;0.0;0
0000000958;-80.10;11.05;58.50;0.1;0.0;-0.1;0
0000000959;-80.10;11.05;58.60;0.0;0.0;0.1;0
0000000960;-80.20;11.00;58.60;-0.1;-0.1;0.0;0
0000000961;-80.25;11.00;58.60;-0.1;0.0;0.0;0
0000000962;-80.20;10.90;58.55;0.1;-0.1;-0.0;0
0000000963;-80.15;10.90;58.50;0.0;0.0;-0.0;0
0000000964;-80.10;10.85;58.55;0.1;-0.0;0.0;0
0000000965;-80.15;10.85;58.55;-0.1;0.0;0.0;0
0000000966;-80.15;10.85;58.45;0.0;0.0;-0.1;0
0000000967;-80.15;10.90;58.50;0.0;0.0;0.0;0
0000000968;-80.05;10.95;58.50;0.1;0.1;0.0;0
0000000969;-80.00;11.05;58.40;0.1;0.1;-0.1;0
0000000970;-80.10;10.95;58.30;-0.1;-0.1;-0.1;0
0000000971;-80.10;10.90;58.30;0.0;-0.1;0.0;0
0000000972;-80.10;10.95;58.30;0.0;0.1;0.0;0
0000000973;-80.00;10.95;58.25;0.1;0.0;-0.0;0
0000000974;-80.00;11.00;58.25;0.0;0.1;0.0;0
0000000975;-80.00;11.00;58.25;0.0;0.0;0.0;0
0000000976;-79.95;11.05;58.30;0.1;0.1;0.0;0
0000000977;-80.05;11.10;58.35;-0.1;0.1;0.0;0
0000000978;-80.05;11.15;58.40;0.0;0.0;0.1;0
0000000979;-80.15;11.15;58.40;-0.1;0.0;0.0;0
0000000980;-80.20;11.20;58.30;-0.0;0.1;-0.1;0
0000000981;-80.30;11.15;58.40;-0.1;-0.1;0.1;0
0000000982;-80.40;11.15;58.40;-0.1;0.0;0.0;0
0000000983;-80.35;11.25;58.45;0.1;0.1;0.0;0
0000000984;-80.40;11.30;58.55;-0.1;0.1;0.1;0
0000000985;-80.35;11.40;58.55;0.1;0.1;0.0;0
0000000986;-80.45;11.45;58.45;-0.1;0.1;-0.1;0
0000000987;-80.55;11.35;58.50;-0.1;-0.1;0.0;0
0000000988;-80.65;11.30;58.50;-0.1;-0.1;0.0;0
0000000989;-80.75;11.20;58.55;-0.1;-0.1;0.0;0
0000000990;-80.80;11.20;58.50;-0.1;0.0;-0.0;0
0000000991;-80.75;11.15;58.50;0.1;-0.1;0.0;0
0000000992;-80.85;11.25;58.60;-0.1;0.1;0.1;0
0000000993;-80.85;11.20;58.65;0.0;-0.1;0.1;0
0000000994;-80.90;11.10;58.70;-0.1;-0.1;0.0;0
0000000995;-80.80;11.20;58.60;0.1;0.1;-0.1;0
0000000996;-80.80;11.15;58.55;0.0;-0.1;-0.0;0
0000000997;-80.75;11.20;58.60;0.1;0.1;0.0;0
0000000998;-80.70;11.30;58.50;0.1;0.1;-0.1;0
0000000999;-80.65;11.30;58.45;0.0;0.0;-0.0;0
0000001000;-80.70;11.40;58.50;-0.0;0.1;0.0;0
0000001001;-80.75;11.50;58.55;-0.1;0.1;0.0;0
0000001002;-80.70;11.40;58.45;0.1;-0.1;-0.1;0
0000001003;-80.80;11.30;58.45;-0.1;-0.1;0.0;0
0000001004;-80.75;11.35;58.45;0.1;0.1;0.0;0
0000001005;-80.85;11.25;58.45;-0.1;-0.1;0.0;0
0000001006;-80.95;11.30;58.40;-0.1;0.1;-0.0;0
0000001007;-80.90;11.40;58.50;0.0;0.1;0.1;0
0000001008;-80.95;11.50;58.60;-0.0;0.1;0.1;0
0000001009;-80.95;11.60;58.50;0.0;0.1;-0.1;0
0000001010;-80.90;11.65;58.55;0.0;0.0;0.0;0
0000001011;-80.90;11.75;58.65;0.0;0.1;0.1;0
0000001012;-80.85;11.80;58.60;0.1;0.1;-0.1;0
0000001013;-80.90;11.90;58.60;-0.1;0.1;0.0;0
0000001014;-80.95;11.90;58.70;-0.0;0.0;0.1;0
0000001015;-81.00;11.90;58.80;-0.1;0.0;0.1;0
0000001016;-80.95;11.85;58.85;0.1;-0.0;0.0;0
0000001017;-80.95;11.90;58.80;0.0;0.0;-0.0;0
0000001018;-80.85;12.00;58.90;0.1;0.1;0.1;0
0000001019;-80.75;12.10;58.80;0.1;0.1;-0.1;0
0000001020;-80.80;12.00;58.75;-0.1;-0.1;-0.0;0
0000001021;-80.90;12.10;58.65;-0.1;0.1;-0.1;0
0000001022;-80.80;12.00;58.55;0.1;-0.1;-0.1;0
0000001023;-80.75;12.05;58.60;0.1;0.1;0.0;0
0000001024;-80.85;11.95;58.50;-0.1;-0.1;-0.1;0
0000001025;-80.90;11.95;58.45;-0.1;0.0;-0.0;0
0000001026;-80.90;12.05;58.50;0.0;0.1;0.0;0
0000001027;-80.95;12.15;58.45;-0.0;0.1;-0.0;0
0000001028;-81.00;12.15;58.45;-0.1;0.0;0.0;0
0000001029;-80.95;12.05;58.35;0.1;-0.1;-0.1;0
0000001030;-80.85;11.95;58.30;0.1;-0.1;-0.0;0
0000001031;-80.95;11.85;58.40;-0.1;-0.1;0.1;0
0000001032;-80.90;11.80;58.35;0.0;-0.1;-0.1;0
0000001033;-80.95;11.75;58.45;-0.0;-0.1;0.1;0
0000001034;-81.00;11.65;58.45;-0.1;-0.1;0.0;0
0000001035;-80.95;11.55;58.35;0.1;-0.1;-0.1;0
0000001036;-81.05;11.65;58.25;-0.1;0.1;-0.1;0
0000001037;-81.00;11.75;58.25;0.1;0.1;0.0;0
0000001038;-80.95;11.85;58.30;0.1;0.1;0.0;0
0000001039;-81.00;11.85;58.30;-0.1;0.0;0.0;0
0000001040;-80.95;11.75;58.30;0.1;-0.1;0.0;0
0000001041;-80.95;11.75;58.30;0.0;0.0;0.0;0
0000001042;-80.95;11.65;58.35;0.0;-0.1;0.0;0
0000001043;-80.90;11.65;58.45;0.0;0.0;0.1;0
0000001044;-80.80;11.70;58.35;0.1;0.1;-0.1;0
0000001045;-80.75;11.65;58.35;0.1;-0.1;0.0;0
0000001046;-80.85;11.60;58.45;-0.1;-0.0;0.1;0
0000001047;-80.90;11.60;58.45;-0.1;0.0;0.0;0
0000001048;-80.90;11.60;58.40;0.0;0.0;-0.0;0
0000001049;-81.00;11.65;58.50;-0.1;0.0;0.1;0
0000001050;-80.95;11.60;58.60;0.1;-0.0;0.1;0
0000001051;-81.00;11.55;58.50;-0.1;-0.1;-0.1;0
0000001052;-81.10;11.65;58.60;-0.1;0.1;0.1;0
0000001053;-81.05;11.75;58.55;0.0;0.1;-0.0;0
0000001054;-80.95;11.75;58.45;0.1;0.0;-0.1;0
0000001055;-80.90;11.70;58.35;0.0;-0.1;-0.1;0
0000001056;-80.95;11.75;58.30;-0.0;0.1;-0.0;0
0000001057;-81.00;11.75;58.25;-0.1;0.0;-0.0;0
0000001058;-81.00;11.75;58.35;0.0;0.0;0.1;0
0000001059;-81.00;11.70;58.30;0.0;-0.1;-0.0;0
0000001060;-80.95;11.60;58.20;0.1;-0.1;-0.1;0
0000001061;-80.85;11.55;58.15;0.1;-0.1;-0.0;0
0000001062;-80.75;11.60;58.10;0.1;0.1;-0.1;0
0000001063;-80.75;11.60;58.00;0.0;0.0;-0.1;0
0000001064;-80.65;11.50;58.00;0.1;-0.1;0.0;0
0000001065;-80.60;11.40;57.90;0.1;-0.1;-0.1;0
0000001066;-80.60;11.45;57.85;0.0;0.1;-0.1;0
0000001067;-80.60;11.50;57.80;0.0;0.1;-0.0;0
0000001068;-80.70;11.55;57.75;-0.1;0.1;-0.0;0
0000001069;-80.60;11.65;57.65;0.1;0.1;-0.1;0
0000001070;-80.70;11.70;57.60;-0.1;0.1;-0.1;0
0000001071;-80.75;11.80;57.70;-0.1;0.1;0.1;0
0000001072;-80.75;11.85;57.75;0.0;0.1;0.0;0
0000001073;-80.80;11.85;57.65;-0.1;0.0;-0.1;0
0000001074;-80.80;11.95;57.60;0.0;0.1;-0.1;0
0000001075;-80.80;12.05;57.60;0.0;0.1;0.0;0
0000001076;-80.85;11.95;57.60;-0.0;-0.1;0.0;0
0000001077;-80.80;11.85;57.70;0.0;-0.1;0.1;0
0000001078;-80.70;11.75;57.65;0.1;-0.1;-0.0;0
0000001079;-80.70;11.65;57.60;0.0;-0.1;-0.1;0
0000001080;-80.75;11.55;57.50;-0.1;-0.1;-0.1;0
0000001081;-80.70;11.55;57.60;0.1;0.0;0.1;0
0000001082;-80.60;11.50;57.60;0.1;-0.1;0.0;0
0000001083;-80.60;11.45;57.55;0.0;-0.1;-0.0;0
0000001084;-80.55;11.35;57.45;0.0;-0.1;-0.1;0
0000001085;-80.55;11.45;57.50;0.0;0.1;0.0;0
0000001086;-80.55;11.40;57.60;0.0;-0.1;0.1;0
0000001087;-80.45;11.50;57.55;0.1;0.1;-0.0;0
0000001088;-80.50;11.50;57.50;-0.1;0.0;-0.0;0
0000001089;-80.60;11.40;57.55;-0.1;-0.1;0.0;0
0000001090;-80.50;11.30;57.60;0.1;-0.1;0.0;0
0000001091;-80.55;11.30;57.60;-0.1;0.0;0.0;0
0000001092;-80.55;11.25;57.50;0.0;-0.1;-0.1;0
0000001093;-80.55;11.25;57.55;0.0;0.0;0.0;0
0000001094;-80.60;11.25;57.45;-0.0;0.0;-0.1;0
0000001095;-80.60;11.30;57.40;0.0;0.1;-0.0;0
0000001096;-80.60;11.20;57.40;0.0;-0.1;0.0;0
0000001097;-80.65;11.20;57.35;-0.1;0.0;-0.1;0
0000001098;-80.75;11.15;57.45;-0.1;-0.1;0.1;0
0000001099;-80.70;11.10;57.35;0.1;-0.0;-0.1;0
0000001100;-80.60;11.00;57.35;0.1;-0.1;0.0;0
0000001101;-80.55;11.00;57.45;0.0;0.0;0.1;0
0000001102;-80.60;11.00;57.40;-0.0;0.0;-0.0;0
0000001103;-80.65;10.90;57.50;-0.1;-0.1;0.1;0
0000001104;-80.65;10.85;57.45;0.0;-0.0;-0.0;0
0000001105;-80.55;10.95;57.50;0.1;0.1;0.0;0
0000001106;-80.50;10.85;57.60;0.1;-0.1;0.1;1
0000001107;-80.50;10.90;57.65;0.0;0.0;0.1;1
0000001108;-80.55;11.00;57.75;-0.1;0.1;0.1;1
0000001109;-80.60;11.10;57.75;-0.0;0.1;0.0;1
0000001110;-80.50;11.20;57.85;0.1;0.1;0.1;1
0000001111;-80.40;11.15;57.95;0.1;-0.1;0.1;1
0000001112;-80.40;11.20;58.00;0.0;0.1;0.0;1
0000001113;-80.30;11.15;58.00;0.1;-0.1;0.0;1
0000001114;-80.35;11.25;57.90;-0.0;0.1;-0.1;1
0000001115;-80.25;11.15;58.00;0.1;-0.1;0.1;1
0000001116;-80.25;11.20;58.10;0.0;0.1;0.1;1
0000001117;-80.20;11.10;58.05;0.1;-0.1;-0.0;1
0000001118;-80.30;11.05;58.00;-0.1;-0.1;-0.0;1
0000001119;-80.25;11.10;57.95;0.1;0.1;-0.0;1
0000001120;-80.15;11.05;58.00;0.1;-0.1;0.0;1
0000001121;-80.05;11.10;57.95;0.1;0.1;-0.0;1
0000001122;-80.15;11.10;58.00;-0.1;0.0;0.0;1
0000001123;-80.20;11.00;58.05;-0.0;-0.1;0.0;1
0000001124;-80.10;11.00;58.00;0.1;0.0;-0.0;1
0000001125;-80.15;10.95;57.95;-0.1;-0.1;-0.0;1
0000001126;-80.20;11.05;57.85;-0.0;0.1;-0.1;1
0000001127;-80.20;11.05;57.95;0.0;0.0;0.1;1
0000001128;-80.20;10.95;57.95;0.0;-0.1;0.0;1
0000001129;-80.20;11.05;57.95;0.0;0.1;0.0;1
0000001130;-80.25;10.95;58.05;-0.1;-0.1;0.1;1
0000001131;-80.30;11.05;58.05;-0.1;0.1;0.0;1
0000001132;-80.35;11.10;58.10;-0.0;0.1;0.0;1
0000001133;-80.45;11.20;58.05;-0.1;0.1;-0.0;1
0000001134;-80.40;11.30;58.00;0.0;0.1;-0.0;1
0000001135;-80.35;11.30;57.95;0.1;0.0;-0.0;1
0000001136;-80.45;11.35;57.85;-0.1;0.1;-0.1;1
0000001137;-80.45;11.45;57.90;0.0;0.1;0.1;1
0000001138;-80.45;11.55;57.80;0.0;0.1;-0.1;1
0000001139;-80.55;11.50;57.70;-0.1;-0.1;-0.1;1
0000001140;-80.65;11.60;57.70;-0.1;0.1;0.0;1
0000001141;-80.60;11.50;57.60;0.1;-0.1;-0.1;1
0000001142;-80.60;11.45;57.70;0.0;-0.1;0.1;1
0000001143;-80.50;11.50;57.75;0.1;0.1;0.0;1
0000001144;-80.60;11.60;57.80;-0.1;0.1;0.0;1
0000001145;-80.50;11.55;57.80;0.1;-0.1;0.0;1
0000001146;-80.60;11.55;57.80;-0.1;0.0;0.0;1
0000001147;-80.50;11.55;57.90;0.1;0.0;0.1;1
0000001148;-80.50;11.50;57.95;0.0;-0.1;0.0;1
0000001149;-80.40;11.50;57.85;0.1;0.0;-0.1;1
0000001150;-80.40;11.50;57.90;0.0;0.0;0.1;1
0000001151;-80.40;11.60;57.95;0.0;0.1;0.0;1
0000001152;-80.40;11.65;58.05;0.0;0.0;0.1;1
0000001153;-80.50;11.70;58.05;-0.1;0.1;0.0;1
0000001154;-80.45;11.60;57.95;0.1;-0.1;-0.1;1
0000001155;-80.45;11.55;57.95;0.0;-0.1;0.0;1
0000001156;-80.45;11.60;57.95;0.0;0.1;0.0;1
0000001157;-80.55;11.65;58.05;-0.1;0.0;0.1;1
0000001158;-80.50;11.75;58.00;0.1;0.1;-0.0;1
0000001159;-80.55;11.85;58.00;-0.1;0.1;0.0;1
0000001160;-80.55;11.90;57.90;0.0;0.0;-0.1;1
0000001161;-80.45;11.85;58.00;0.1;-0.0;0.1;1
0000001162;-80.40;11.95;58.05;0.0;0.1;0.0;1
0000001163;-80.45;11.90;57.95;-0.0;-0.1;-0.1;1
0000001164;-80.35;11.90;57.95;0.1;0.0;0.0;1
0000001165;-80.25;11.95;57.90;0.1;0.1;-0.0;1
0000001166;-80.35;11.85;57.95;-0.1;-0.1;0.0;1
0000001167;-80.40;11.85;57.95;-0.1;0.0;0.0;1
0000001168;-80.45;11.80;57.90;-0.0;-0.1;-0.0;1
0000001169;-80.50;11.70;58.00;-0.1;-0.1;0.1;1
0000001170;-80.60;11.60;57.95;-0.1;-0.1;-0.0;1
0000001171;-80.60;11.50;57.95;0.0;-0.1;0.0;1
0000001172;-80.55;11.40;57.95;0.0;-0.1;0.0;1
0000001173;-80.55;11.40;58.00;0.0;0.0;0.0;1
0000001174;-80.65;11.45;57.95;-0.1;0.1;-0.0;1
0000001175;-80.55;11.40;57.90;0.1;-0.1;-0.0;1
0000001176;-80.50;11.35;57.85;0.1;-0.0;-0.1;1
0000001177;-80.50;11.25;57.90;0.0;-0.1;0.1;1
0000001178;-80.45;11.15;57.80;0.1;-0.1;-0.1;1
0000001179;-80.55;11.20;57.75;-0.1;0.1;-0.0;1
0000001180;-80.55;11.30;57.70;0.0;0.1;-0.0;1
0000001181;-80.50;11.20;57.75;0.1;-0.1;0.0;1
0000001182;-80.55;11.30;57.80;-0.1;0.1;0.0;1
0000001183;-80.60;11.20;57.85;-0.0;-0.1;0.0;1
0000001184;-80.65;11.30;57.90;-0.1;0.1;0.1;1
0000001185;-80.70;11.25;57.80;-0.0;-0.1;-0.1;1
0000001186;-80.75;11.30;57.90;-0.1;0.1;0.1;1
0000001187;-80.80;11.30;57.80;-0.1;0.0;-0.1;1
0000001188;-80.90;11.25;57.90;-0.1;-0.1;0.1;1
0000001189;-80.95;11.20;57.95;-0.0;-0.1;0.0;1
0000001190;-81.05;11.10;58.00;-0.1;-0.1;0.0;1
0000001191;-80.95;11.15;58.00;0.1;0.0;0.0;1
0000001192;-80.85;11.10;58.00;0.1;-0.0;0.0;1
0000001193;-80.75;11.15;57.95;0.1;0.0;-0.0;1
0000001194;-80.70;11.20;58.00;0.1;0.1;0.0;1
0000001195;-80.75;11.15;57.95;-0.1;-0.1;-0.0;1
0000001196;-80.75;11.20;57.90;0.0;0.1;-0.0;1
0000001197;-80.85;11.30;57.80;-0.1;0.1;-0.1;1
0000001198;-80.75;11.30;57.85;0.1;0.0;0.0;1
0000001199;-80.85;11.30;57.80;-0.1;0.0;-0.0;1
0000001200;-80.90;11.35;57.70;-0.1;0.1;-0.1;1
0000001201;-81.00;11.30;57.60;-0.1;-0.1;-0.1;1
0000001202;-80.90;11.25;57.65;0.1;-0.1;0.1;1
0000001203;-80.95;11.15;57.70;-0.0;-0.1;0.0;1
0000001204;-81.00;11.25;57.65;-0.1;0.1;-0.0;1
0000001205;-81.00;11.25;57.65;0.0;0.0;0.0;1
0000001206;-81.10;11.30;57.65;-0.1;0.1;0.0;1
0000001207;-81.15;11.35;57.65;-0.1;0.1;0.0;1
0000001208;-81.15;11.45;57.55;0.0;0.1;-0.1;1
0000001209;-81.25;11.45;57.65;-0.1;0.0;0.1;1
0000001210;-81.15;11.45;57.70;0.1;0.0;0.0;1
0000001211;-81.25;11.45;57.65;-0.1;0.0;-0.0;1
0000001212;-81.20;11.40;57.75;0.1;-0.1;0.1;1
0000001213;-81.15;11.40;57.70;0.0;0.0;-0.0;1
0000001214;-81.05;11.35;57.60;0.1;-0.0;-0.1;1
0000001215;-81.15;11.25;57.50;-0.1;-0.1;-0.1;1
0000001216;-81.15;11.30;57.50;0.0;0.1;0.0;1
0000001217;-81.25;11.20;57.60;-0.1;-0.1;0.1;1
0000001218;-81.25;11.15;57.70;0.0;-0.1;0.1;1
0000001219;-81.30;11.05;57.65;-0.1;-0.1;-0.0;1
0000001220;-81.20;11.00;57.70;0.1;-0.1;0.0;1
0000001221;-81.10;11.10;57.75;0.1;0.1;0.0;1
0000001222;-81.15;11.10;57.80;-0.1;0.0;0.0;1
0000001223;-81.15;11.05;57.90;0.0;-0.1;0.1;1
0000001224;-81.15;11.10;57.80;0.0;0.1;-0.1;1
0000001225;-81.05;11.05;57.70;0.1;-0.1;-0.1;1
0000001226;-81.15;11.05;57.65;-0.1;0.0;-0.0;1
0000001227;-81.25;11.15;57.70;-0.1;0.1;0.0;1
0000001228;-81.30;11.15;57.65;-0.1;0.0;-0.0;1
0000001229;-81.35;11.15;57.65;-0.0;0.0;0.0;1
0000001230;-81.35;11.20;57.70;0.0;0.1;0.0;1
0000001231;-81.25;11.10;57.75;0.1;-0.1;0.0;1
0000001232;-81.25;11.10;57.75;0.0;0.0;0.0;1
0000001233;-81.25;11.15;57.80;0.0;0.0;0.0;1
0000001234;-81.15;11.15;57.90;0.1;0.0;0.1;1
0000001235;-81.15;11.05;57.80;0.0;-0.1;-0.1;1
0000001236;-81.20;11.00;57.90;-0.0;-0.1;0.1;1
0000001237;-81.25;11.00;57.80;-0.1;0.0;-0.1;1
0000001238;-81.25;11.10;57.70;0.0;0.1;-0.1;1
0000001239;-81.20;11.05;57.60;0.1;-0.1;-0.1;1
0000001240;-81.15;11.10;57.70;0.0;0.1;0.1;1
0000001241;-81.25;11.20;57.65;-0.1;0.1;-0.0;1
0000001242;-81.20;11.30;57.65;0.1;0.1;0.0;1
0000001243;-81.15;11.25;57.60;0.0;-0.1;-0.1;1
0000001244;-81.05;11.20;57.60;0.1;-0.1;0.0;1
0000001245;-81.00;11.30;57.70;0.1;0.1;0.1;1
0000001246;-80.90;11.35;57.75;0.1;0.1;0.0;1
0000001247;-80.85;11.35;57.65;0.1;0.0;-0.1;1
0000001248;-80.85;11.30;57.75;0.0;-0.1;0.1;1
0000001249;-80.85;11.35;57.70;0.0;0.1;-0.0;1
0000001250;-80.85;11.25;57.70;0.0;-0.1;0.0;0
0000001251;-80.90;11.25;57.65;-0.1;0.0;-0.0;0
0000001252;-80.95;11.25;57.60;-0.0;0.0;-0.1;0
0000001253;-80.95;11.25;57.55;0.0;0.0;-0.0;0
0000001254;-80.95;11.20;57.50;0.0;-0.1;-0.0;0
0000001255;-81.00;11.20;57.55;-0.1;0.0;0.0;0
0000001256;-81.00;11.15;57.65;0.0;-0.1;0.1;0
0000001257;-81.10;11.05;57.60;-0.1;-0.1;-0.1;0
0000001258;-81.10;11.05;57.65;0.0;0.0;0.1;0
0000001259;-81.10;11.05;57.60;0.0;0.0;-0.1;0
0000001260;-81.20;11.15;57.65;-0.1;0.1;0.1;0
0000001261;-81.15;11.20;57.75;0.0;0.1;0.1;0
0000001262;-81.05;11.30;57.75;0.1;0.1;0.0;0
0000001263;-81.00;11.25;57.75;0.1;-0.1;0.0;0
0000001264;-81.00;11.25;57.85;0.0;0.0;0.1;0
0000001265;-80.90;11.35;57.75;0.1;0.1;-0.1;0
0000001266;-80.80;11.30;57.70;0.1;-0.1;-0.0;0
0000001267;-80.70;11.25;57.65;0.1;-0.1;-0.0;0
0000001268;-80.60;11.20;57.60;0.1;-0.1;-0.1;0
0000001269;-80.70;11.25;57.55;-0.1;0.1;-0.0;0
0000001270;-80.75;11.15;57.45;-0.1;-0.1;-0.1;0
0000001271;-80.65;11.05;57.40;0.1;-0.1;-0.0;0
0000001272;-80.55;11.00;57.40;0.1;-0.1;0.0;0
0000001273;-80.60;11.00;57.50;-0.0;0.0;0.1;0
0000001274;-80.70;10.90;57.45;-0.1;-0.1;-0.0;0
0000001275;-80.60;10.90;57.55;0.1;0.0;0.1;0
0000001276;-80.65;10.80;57.65;-0.1;-0.1;0.1;0
0000001277;-80.70;10.90;57.75;-0.0;0.1;0.1;0
0000001278;-80.60;11.00;57.80;0.1;0.1;0.0;0
0000001279;-80.65;10.95;57.90;-0.1;-0.1;0.1;0
0000001280;-80.60;10.90;57.95;0.1;-0.1;0.0;0
0000001281;-80.60;10.80;58.05;0.0;-0.1;0.1;0
0000001282;-80.50;10.80;58.00;0.1;0.0;-0.0;0
0000001283;-80.60;10.75;58.10;-0.1;-0.1;0.1;0
0000001284;-80.60;10.80;58.20;0.0;0.1;0.1;0
0000001285;-80.50;10.70;58.10;0.1;-0.1;-0.1;0
0000001286;-80.40;10.60;58.15;0.1;-0.1;0.1;0
0000001287;-80.45;10.65;58.20;-0.0;0.0;0.0;0
0000001288;-80.55;10.55;58.20;-0.1;-0.1;0.0;0
0000001289;-80.65;10.65;58.10;-0.1;0.1;-0.1;0
0000001290;-80.75;10.70;58.05;-0.1;0.1;-0.0;0
0000001291;-80.75;10.65;58.05;0.0;-0.1;0.0;0
0000001292;-80.65;10.70;58.15;0.1;0.1;0.1;0
0000001293;-80.65;10.70;58.20;0.0;0.0;0.0;0
0000001294;-80.55;10.65;58.20;0.1;-0.1;0.0;0
0000001295;-80.55;10.65;58.25;0.0;0.0;0.0;0
0000001296;-80.55;10.55;58.30;0.0;-0.1;0.0;0
0000001297;-80.65;10.65;58.40;-0.1;0.1;0.1;0
0000001298;-80.60;10.55;58.50;0.1;-0.1;0.1;0
0000001299;-80.50;10.60;58.55;0.1;0.1;0.0;0
0000001300;-80.60;10.60;58.55;-0.1;0.0;0.0;0
0000001301;-80.70;10.55;58.50;-0.1;-0.1;-0.0;0
0000001302;-80.70;10.50;58.40;0.0;-0.1;-0.1;0
0000001303;-80.60;10.40;58.35;0.1;-0.1;-0.1;0
0000001304;-80.55;10.45;58.25;0.0;0.1;-0.1;0
0000001305;-80.50;10.45;58.20;0.1;0.0;-0.0;0
0000001306;-80.45;10.35;58.15;0.1;-0.1;-0.0;0
0000001307;-80.55;10.45;58.25;-0.1;0.1;0.1;0
0000001308;-80.55;10.40;58.30;0.0;-0.1;0.0;0
0000001309;-80.60;10.40;58.25;-0.0;0.0;-0.0;0
0000001310;-80.60;10.50;58.30;0.0;0.1;0.0;0
0000001311;-80.60;10.45;58.20;0.0;-0.1;-0.1;0
0000001312;-80.50;10.55;58.10;0.1;0.1;-0.1;0
0000001313;-80.45;10.65;58.15;0.1;0.1;0.1;0
0000001314;-80.55;10.65;58.25;-0.1;0.0;0.1;0
0000001315;-80.65;10.65;58.30;-0.1;0.0;0.0;0
0000001316;-80.65;10.75;58.40;0.0;0.1;0.1;0
0000001317;-80.70;10.85;58.40;-0.0;0.1;0.0;0
0000001318;-80.75;10.75;58.45;-0.1;-0.1;0.0;0
0000001319;-80.70;10.70;58.35;0.1;-0.1;-0.1;0
0000001320;-80.75;10.75;58.40;-0.1;0.1;0.1;0
0000001321;-80.65;10.75;58.35;0.1;0.0;-0.1;0
0000001322;-80.55;10.80;58.30;0.1;0.1;-0.0;0
0000001323;-80.60;10.75;58.35;-0.0;-0.1;0.0;0
0000001324;-80.65;10.65;58.35;-0.1;-0.1;0.0;0
0000001325;-80.70;10.65;58.45;-0.0;0.0;0.1;0
0000001326;-80.80;10.65;58.35;-0.1;0.0;-0.1;0
0000001327;-80.90;10.60;58.45;-0.1;-0.0;0.1;0
0000001328;-80.95;10.60;58.45;-0.0;0.0;0.0;0
0000001329;-80.95;10.55;58.50;0.0;-0.1;0.0;0
0000001330;-81.05;10.45;58.55;-0.1;-0.1;0.0;0
0000001331;-81.15;10.40;58.50;-0.1;-0.1;-0.0;0
0000001332;-81.20;10.50;58.50;-0.0;0.1;0.0;0
0000001333;-81.25;10.45;58.45;-0.1;-0.1;-0.0;0
0000001334;-81.20;10.40;58.55;0.1;-0.1;0.1;0
0000001335;-81.10;10.30;58.65;0.1;-0.1;0.1;0
0000001336;-81.00;10.40;58.65;0.1;0.1;0.0;0
0000001337;-80.95;10.30;58.55;0.1;-0.1;-0.1;0
0000001338;-80.95;10.35;58.50;0.0;0.1;-0.0;0
0000001339;-80.85;10.45;58.55;0.1;0.1;0.0;0
0000001340;-80.75;10.55;58.65;0.1;0.1;0.1;0
0000001341;-80.70;10.65;58.65;0.1;0.1;0.0;0
0000001342;-80.80;10.75;58.70;-0.1;0.1;0.0;0
0000001343;-80.85;10.70;58.75;-0.0;-0.1;0.0;0
0000001344;-80.95;10.75;58.70;-0.1;0.1;-0.0;0
0000001345;-81.00;10.85;58.80;-0.1;0.1;0.1;0
0000001346;-81.10;10.80;58.90;-0.1;-0.1;0.1;0
0000001347;-81.00;10.70;58.95;0.1;-0.1;0.0;0
0000001348;-81.00;10.60;58.85;0.0;-0.1;-0.1;0
0000001349;-81.05;10.70;58.95;-0.1;0.1;0.1;0
0000001350;-81.05;10.70;59.05;0.0;0.0;0.1;0
0000001351;-81.00;10.65;58.95;0.1;-0.1;-0.1;0
0000001352;-81.00;10.60;59.05;0.0;-0.0;0.1;0
0000001353;-80.90;10.55;59.15;0.1;-0.1;0.1;0
0000001354;-80.95;10.60;59.05;-0.0;0.1;-0.1;0
0000001355;-81.00;10.55;59.00;-0.1;-0.1;-0.0;0
0000001356;-81.05;10.65;58.90;-0.1;0.1;-0.1;0
0000001357;-81.05;10.55;59.00;0.0;-0.1;0.1;0
0000001358;-81.10;10.55;59.10;-0.0;0.0;0.1;0
0000001359;-81.05;10.45;59.20;0.0;-0.1;0.1;0
0000001360;-81.00;10.50;59.25;0.1;0.1;0.0;0
0000001361;-80.90;10.60;59.30;0.1;0.1;0.0;0
0000001362;-80.90;10.65;59.40;0.0;0.0;0.1;0
0000001363;-81.00;10.55;59.50;-0.1;-0.1;0.1;0
0000001364;-80.95;10.65;59.55;0.1;0.1;0.0;0
0000001365;-80.85;10.60;59.50;0.1;-0.0;-0.0;0
0000001366;-80.90;10.60;59.60;-0.1;0.0;0.1;0
0000001367;-80.95;10.65;59.50;-0.0;0.0;-0.1;0
0000001368;-81.00;10.75;59.60;-0.1;0.1;0.1;0
0000001369;-81.00;10.65;59.60;0.0;-0.1;0.0;0
0000001370;-80.90;10.60;59.70;0.1;-0.0;0.1;0
0000001371;-81.00;10.65;59.60;-0.1;0.0;-0.1;0
0000001372;-81.00;10.75;59.50;0.0;0.1;-0.1;0
0000001373;-81.05;10.85;59.50;-0.1;0.1;0.0;0
0000001374;-81.00;10.95;59.40;0.1;0.1;-0.1;0
0000001375;-80.95;10.95;59.30;0.1;0.0;-0.1;0
0000001376;-81.05;11.05;59.40;-0.1;0.1;0.1;0
0000001377;-81.10;11.15;59.45;-0.0;0.1;0.0;0
0000001378;-81.00;11.15;59.55;0.1;0.0;0.1;0
0000001379;-81.10;11.10;59.50;-0.1;-0.0;-0.0;0
0000001380;-81.20;11.05;59.45;-0.1;-0.1;-0.0;0
0000001381;-81.15;10.95;59.35;0.0;-0.1;-0.1;0
0000001382;-81.15;11.00;59.35;0.0;0.1;0.0;0
0000001383;-81.10;11.00;59.45;0.1;0.0;0.1;0
0000001384;-81.00;10.90;59.50;0.1;-0.1;0.0;0
0000001385;-80.95;11.00;59.40;0.1;0.1;-0.1;0
0000001386;-80.90;11.05;59.35;0.0;0.1;-0.1;0
0000001387;-80.95;10.95;59.45;-0.0;-0.1;0.1;0
0000001388;-81.05;10.90;59.35;-0.1;-0.1;-0.1;0
0000001389;-80.95;10.90;59.35;0.1;0.0;0.0;0
0000001390;-81.00;10.80;59.35;-0.1;-0.1;0.0;0
0000001391;-80.90;10.70;59.25;0.1;-0.1;-0.1;0
0000001392;-80.95;10.65;59.25;-0.0;-0.1;0.0;0
0000001393;-80.85;10.75;59.35;0.1;0.1;0.1;0
0000001394;-80.80;10.80;59.35;0.0;0.1;0.0;0
0000001395;-80.85;10.75;59.30;-0.0;-0.1;-0.0;0
0000001396;-80.90;10.70;59.40;-0.1;-0.1;0.1;0
0000001397;-81.00;10.65;59.30;-0.1;-0.1;-0.1;0
0000001398;-81.05;10.75;59.20;-0.1;0.1;-0.1;0
0000001399;-81.10;10.65;59.15;-0.0;-0.1;-0.0;0
0000001400;-81.00;10.70;59.15;0.1;0.1;0.0;0
0000001401;-81.00;10.60;59.15;0.0;-0.1;0.0;0
0000001402;-81.00;10.55;59.20;0.0;-0.1;0.0;0
0000001403;-80.95;10.50;59.25;0.1;-0.1;0.0;0
0000001404;-80.85;10.40;59.15;0.1;-0.1;-0.1;0
0000001405;-80.80;10.50;59.10;0.0;0.1;-0.1;0
0000001406;-80.75;10.60;59.10;0.1;0.1;0.0;0
0000001407;-80.65;10.50;59.15;0.1;-0.1;0.1;0
0000001408;-80.55;10.40;59.10;0.1;-0.1;-0.1;0
0000001409;-80.45;10.50;59.20;0.1;0.1;0.1;0
0000001410;-80.35;10.45;59.25;0.1;-0.1;0.0;0
0000001411;-80.40;10.50;59.20;-0.1;0.1;-0.0;0
0000001412;-80.30;10.40;59.20;0.1;-0.1;0.0;0
0000001413;-80.20;10.40;59.25;0.1;0.0;0.0;0
0000001414;-80.25;10.45;59.20;-0.1;0.1;-0.0;0
0000001415;-80.35;10.35;59.30;-0.1;-0.1;0.1;0
0000001416;-80.25;10.35;59.30;0.1;0.0;0.0;0
0000001417;-80.35;10.25;59.25;-0.1;-0.1;-0.0;0
0000001418;-80.45;10.20;59.15;-0.1;-0.1;-0.1;0
0000001419;-80.40;10.20;59.05;0.0;0.0;-0.1;0
0000001420;-80.50;10.20;59.15;-0.1;0.0;0.1;0
0000001421;-80.45;10.10;59.15;0.1;-0.1;0.0;0
0000001422;-80.55;10.20;59.20;-0.1;0.1;0.0;0
0000001423;-80.50;10.20;59.10;0.1;0.0;-0.1;0
0000001424;-80.60;10.30;59.00;-0.1;0.1;-0.1;0
0000001425;-80.55;10.40;59.00;0.0;0.1;0.0;0
0000001426;-80.65;10.40;58.90;-0.1;0.0;-0.1;0
0000001427;-80.65;10.40;58.80;0.0;0.0;-0.1;0
0000001428;-80.55;10.50;58.85;0.1;0.1;0.0;0
0000001429;-80.45;10.45;58.80;0.1;-0.1;-0.0;0
0000001430;-80.40;10.50;58.75;0.0;0.1;-0.0;0
0000001431;-80.50;10.45;58.65;-0.1;-0.1;-0.1;0
0000001432;-80.55;10.55;58.75;-0.1;0.1;0.1;0
0000001433;-80.65;10.50;58.80;-0.1;-0.1;0.0;0
0000001434;-80.60;10.45;58.80;0.1;-0.1;0.0;0
0000001435;-80.55;10.50;58.75;0.0;0.1;-0.0;0
0000001436;-80.60;10.40;58.85;-0.0;-0.1;0.1;0
0000001437;-80.50;10.50;58.90;0.1;0.1;0.1;0
0000001438;-80.40;10.60;58.90;0.1;0.1;0.0;0
0000001439;-80.35;10.70;58.90;0.1;0.1;0.0;0
0000001440;-80.45;10.60;58.85;-0.1;-0.1;-0.1;0
0000001441;-80.50;10.50;58.95;-0.1;-0.1;0.1;0
0000001442;-80.60;10.50;58.90;-0.1;0.0;-0.0;0
0000001443;-80.55;10.60;58.90;0.0;0.1;0.0;0
0000001444;-80.65;10.65;58.85;-0.1;0.0;-0.1;0
0000001445;-80.55;10.55;58.85;0.1;-0.1;0.0;0
0000001446;-80.65;10.60;58.90;-0.1;0.1;0.1;0
0000001447;-80.55;10.60;58.85;0.1;0.0;-0.1;0
0000001448;-80.55;10.70;58.95;0.0;0.1;0.1;0
0000001449;-80.50;10.80;59.00;0.1;0.1;0.0;0
0000001450;-80.55;10.75;59.00;-0.1;-0.1;0.0;0
0000001451;-80.55;10.80;58.90;0.0;0.1;-0.1;0
0000001452;-80.55;10.75;58.85;0.0;-0.1;-0.1;0
0000001453;-80.45;10.65;58.95;0.1;-0.1;0.1;0
0000001454;-80.40;10.65;59.00;0.0;0.0;0.0;0
0000001455;-80.35;10.75;58.95;0.1;0.1;-0.0;0
0000001456;-80.25;10.75;59.05;0.1;0.0;0.1;0
0000001457;-80.20;10.75;59.00;0.1;0.0;-0.0;0
0000001458;-80.30;10.85;58.95;-0.1;0.1;-0.0;0
0000001459;-80.40;10.75;58.90;-0.1;-0.1;-0.0;0
0000001460;-80.50;10.75;59.00;-0.1;0.0;0.1;0
0000001461;-80.50;10.85;59.00;0.0;0.1;0.0;0
0000001462;-80.55;10.80;58.90;-0.1;-0.1;-0.1;0
0000001463;-80.45;10.75;58.85;0.1;-0.1;-0.1;0
0000001464;-80.35;10.80;58.90;0.1;0.1;0.1;0
0000001465;-80.35;10.75;58.80;0.0;-0.1;-0.1;0
0000001466;-80.25;10.80;58.80;0.1;0.1;0.0;0
0000001467;-80.15;10.70;58.70;0.1;-0.1;-0.1;0
0000001468;-80.05;10.65;58.60;0.1;-0.1;-0.1;0
0000001469;-80.00;10.60;58.55;0.1;-0.0;-0.0;0
0000001470;-79.90;10.65;58.65;0.1;0.0;0.1;0
0000001471;-80.00;10.55;58.55;-0.1;-0.1;-0.1;0
0000001472;-80.10;10.65;58.60;-0.1;0.1;0.0;0
0000001473;-80.00;10.55;58.65;0.1;-0.1;0.1;0
0000001474;-79.95;10.45;58.60;0.1;-0.1;-0.1;0
0000001475;-79.85;10.55;58.60;0.1;0.1;0.0;1
0000001476;-79.90;10.45;58.50;-0.1;-0.1;-0.1;1
0000001477;-80.00;10.40;58.40;-0.1;-0.1;-0.1;1
0000001478;-79.90;10.50;58.45;0.1;0.1;0.0;1
0000001479;-79.95;10.50;58.55;-0.0;0.0;0.1;1
0000001480;-80.00;10.55;58.50;-0.1;0.1;-0.0;1
0000001481;-80.10;10.65;58.55;-0.1;0.1;0.0;1
0000001482;-80.00;10.70;58.65;0.1;0.1;0.1;1
0000001483;-80.05;10.70;58.75;-0.1;0.0;0.1;1
0000001484;-79.95;10.70;58.85;0.1;0.0;0.1;1
0000001485;-80.00;10.80;58.95;-0.1;0.1;0.1;1
0000001486;-79.95;10.90;58.95;0.1;0.1;0.0;1
0000001487;-80.05;10.80;59.00;-0.1;-0.1;0.0;1
0000001488;-79.95;10.85;58.95;0.1;0.1;-0.0;1
0000001489;-79.90;10.90;58.90;0.0;0.0;-0.0;1
0000001490;-79.80;11.00;58.95;0.1;0.1;0.0;1
0000001491;-79.75;10.95;59.05;0.1;-0.1;0.1;1
0000001492;-79.80;10.90;58.95;-0.1;-0.1;-0.1;1
0000001493;-79.85;11.00;58.85;-0.0;0.1;-0.1;1
0000001494;-79.95;11.05;58.85;-0.1;0.1;0.0;1
0000001495;-80.05;11.05;58.75;-0.1;0.0;-0.1;1
0000001496;-80.05;11.15;58.80;0.0;0.1;0.0;1
0000001497;-79.95;11.25;58.85;0.1;0.1;0.0;1
0000001498;-79.90;11.35;58.95;0.0;0.1;0.1;1
0000001499;-79.90;11.25;58.85;0.0;-0.1;-0.1;1
0000001500;-79.85;11.20;58.90;0.1;-0.1;0.1;1
0000001501;-79.90;11.15;58.80;-0.1;-0.1;-0.1;1
0000001502;-79.90;11.15;58.75;0.0;0.0;-0.0;1
0000001503;-80.00;11.15;58.75;-0.1;0.0;0.0;1
0000001504;-79.90;11.05;58.70;0.1;-0.1;-0.0;1
0000001505;-80.00;11.15;58.80;-0.1;0.1;0.1;1
0000001506;-79.95;11.20;58.70;0.1;0.1;-0.1;1
0000001507;-80.05;11.25;58.60;-0.1;0.1;-0.1;1
0000001508;-80.10;11.35;58.70;-0.0;0.1;0.1;1
0000001509;-80.00;11.35;58.80;0.1;0.0;0.1;1
0000001510;-80.05;11.45;58.75;-0.1;0.1;-0.0;1
0000001511;-80.00;11.45;58.80;0.1;0.0;0.0;1
0000001512;-79.90;11.40;58.90;0.1;-0.1;0.1;1
0000001513;-80.00;11.45;58.85;-0.1;0.1;-0.1;1
0000001514;-79.90;11.45;58.85;0.1;0.0;0.0;1
0000001515;-79.95;11.55;58.80;-0.0;0.1;-0.0;1
0000001516;-80.05;11.45;58.70;-0.1;-0.1;-0.1;1
0000001517;-80.05;11.35;58.65;0.0;-0.1;-0.0;1
0000001518;-80.15;11.35;58.65;-0.1;0.0;0.0;1
0000001519;-80.25;11.35;58.75;-0.1;0.0;0.1;1
0000001520;-80.25;11.35;58.75;0.0;0.0;0.0;1
0000001521;-80.20;11.40;58.65;0.1;0.0;-0.1;1
0000001522;-80.15;11.45;58.55;0.0;0.1;-0.1;1
0000001523;-80.05;11.55;58.45;0.1;0.1;-0.1;1
0000001524;-80.10;11.50;58.45;-0.0;-0.1;0.0;1
0000001525;-80.00;11.50;58.35;0.1;0.0;-0.1;1
0000001526;-80.10;11.45;58.30;-0.1;-0.1;-0.0;1
0000001527;-80.05;11.35;58.40;0.0;-0.1;0.1;1
0000001528;-79.95;11.35;58.40;0.1;0.0;0.0;1
0000001529;-79.90;11.45;58.50;0.0;0.1;0.1;1
0000001530;-80.00;11.45;58.55;-0.1;0.0;0.0;1
0000001531;-79.95;11.45;58.55;0.1;0.0;0.0;1
0000001532;-80.00;11.45;58.65;-0.1;0.0;0.1;1
0000001533;-80.00;11.50;58.60;0.0;0.1;-0.1;1
0000001534;-79.90;11.55;58.70;0.1;0.1;0.1;1
0000001535;-79.90;11.60;58.70;0.0;0.1;0.0;1
0000001536;-79.95;11.70;58.60;-0.0;0.1;-0.1;1
0000001537;-79.90;11.80;58.65;0.0;0.1;0.1;1
0000001538;-80.00;11.80;58.65;-0.1;0.0;0.0;1
0000001539;-79.95;11.85;58.55;0.1;0.1;-0.1;1
0000001540;-80.05;11.90;58.50;-0.1;0.0;-0.0;1
0000001541;-80.15;12.00;58.45;-0.1;0.1;-0.0;1
0000001542;-80.25;12.05;58.50;-0.1;0.1;0.0;1
0000001543;-80.15;12.15;58.50;0.1;0.1;0.0;1
0000001544;-80.05;12.20;58.50;0.1;0.1;0.0;1
0000001545;-79.95;12.30;58.60;0.1;0.1;0.1;1
0000001546;-79.95;12.20;58.65;0.0;-0.1;0.1;1
0000001547;-79.85;12.10;58.65;0.1;-0.1;0.0;1
0000001548;-79.85;12.10;58.55;0.0;0.0;-0.1;1
0000001549;-79.75;12.20;58.55;0.1;0.1;0.0;1
0000001550;-79.75;12.15;58.65;0.0;-0.1;0.1;1
0000001551;-79.70;12.25;58.65;0.1;0.1;0.0;1
0000001552;-79.75;12.25;58.65;-0.1;0.0;0.0;1
0000001553;-79.70;12.25;58.60;0.1;0.0;-0.1;1
0000001554;-79.75;12.35;58.55;-0.1;0.1;-0.0;1
0000001555;-79.65;12.35;58.65;0.1;0.0;0.1;1
0000001556;-79.75;12.30;58.75;-0.1;-0.1;0.1;1
0000001557;-79.85;12.25;58.80;-0.1;-0.1;0.0;1
0000001558;-79.75;12.30;58.85;0.1;0.1;0.0;1
0000001559;-79.65;12.40;58.85;0.1;0.1;0.0;1
0000001560;-79.75;12.40;58.80;-0.1;0.0;-0.0;1
0000001561;-79.75;12.40;58.85;0.0;0.0;0.0;1
0000001562;-79.85;12.50;58.75;-0.1;0.1;-0.1;1
0000001563;-79.80;12.40;58.70;0.0;-0.1;-0.0;1
0000001564;-79.90;12.35;58.65;-0.1;-0.0;-0.0;1
0000001565;-79.90;12.40;58.55;0.0;0.0;-0.1;1
0000001566;-79.90;12.35;58.50;0.0;-0.0;-0.0;1
0000001567;-80.00;12.30;58.60;-0.1;-0.1;0.1;1
0000001568;-80.00;12.30;58.60;0.0;0.0;0.0;1
0000001569;-80.10;12.40;58.50;-0.1;0.1;-0.1;1
0000001570;-80.15;12.50;58.50;-0.1;0.1;0.0;1
0000001571;-80.20;12.40;58.50;-0.0;-0.1;0.0;1
0000001572;-80.30;12.35;58.40;-0.1;-0.0;-0.1;1
0000001573;-80.25;12.40;58.45;0.1;0.0;0.0;1
0000001574;-80.35;12.40;58.50;-0.1;0.0;0.0;1
0000001575;-80.30;12.40;58.40;0.0;0.0;-0.1;1
0000001576;-80.30;12.30;58.45;0.0;-0.1;0.0;1
0000001577;-80.20;12.25;58.45;0.1;-0.1;0.0;1
0000001578;-80.30;12.25;58.45;-0.1;0.0;0.0;1
0000001579;-80.40;12.25;58.45;-0.1;0.0;0.0;1
0000001580;-80.50;12.15;58.50;-0.1;-0.1;0.0;1
0000001581;-80.55;12.20;58.50;-0.1;0.1;0.0;1
0000001582;-80.65;12.15;58.45;-0.1;-0.1;-0.0;1
0000001583;-80.70;12.15;58.45;-0.0;0.0;0.0;1
0000001584;-80.75;12.10;58.40;-0.1;-0.0;-0.0;1
0000001585;-80.85;12.05;58.40;-0.1;-0.1;0.0;1
0000001586;-80.75;12.00;58.40;0.1;-0.1;0.0;1
0000001587;-80.65;12.05;58.30;0.1;0.1;-0.1;1
0000001588;-80.65;12.10;58.35;0.0;0.1;0.0;1
0000001589;-80.55;12.15;58.35;0.1;0.0;0.0;1
0000001590;-80.55;12.20;58.25;0.0;0.1;-0.1;1
0000001591;-80.65;12.20;58.35;-0.1;0.0;0.1;1
0000001592;-80.60;12.30;58.40;0.1;0.1;0.1;1
0000001593;-80.70;12.40;58.35;-0.1;0.1;-0.1;1
0000001594;-80.65;12.40;58.40;0.0;0.0;0.1;1
0000001595;-80.70;12.40;58.50;-0.0;0.0;0.1;1
0000001596;-80.80;12.30;58.50;-0.1;-0.1;0.0;1
0000001597;-80.70;12.40;58.45;0.1;0.1;-0.0;1
0000001598;-80.60;12.50;58.35;0.1;0.1;-0.1;1
0000001599;-80.50;12.45;58.35;0.1;-0.1;0.0;1
0000001600;-80.45;12.40;58.25;0.1;-0.1;-0.1;1
0000001601;-80.55;12.35;58.30;-0.1;-0.0;0.0;1
0000001602;-80.50;12.25;58.40;0.1;-0.1;0.1;1
0000001603;-80.55;12.15;58.45;-0.1;-0.1;0.0;1
0000001604;-80.45;12.15;58.50;0.1;0.0;0.0;1
0000001605;-80.55;12.05;58.55;-0.1;-0.1;0.0;1
0000001606;-80.55;12.10;58.50;0.0;0.1;-0.0;1
0000001607;-80.65;12.00;58.55;-0.1;-0.1;0.0;1
0000001608;-80.60;11.95;58.50;0.1;-0.1;-0.0;1
0000001609;-80.50;12.00;58.55;0.1;0.1;0.0;1
0000001610;-80.60;12.05;58.60;-0.1;0.1;0.0;1
0000001611;-80.70;12.15;58.55;-0.1;0.1;-0.0;1
0000001612;-80.65;12.10;58.65;0.0;-0.0;0.1;1
0000001613;-80.70;12.20;58.75;-0.0;0.1;0.1;1
0000001614;-80.80;12.15;58.85;-0.1;-0.1;0.1;1
0000001615;-80.75;12.20;58.95;0.1;0.1;0.1;1
0000001616;-80.65;12.25;58.85;0.1;0.1;-0.1;1
0000001617;-80.65;12.30;58.85;0.0;0.1;0.0;1
0000001618;-80.55;12.25;58.75;0.1;-0.1;-0.1;1
0000001619;-80.45;12.30;58.70;0.1;0.1;-0.0;1
0000001620;-80.55;12.25;58.80;-0.1;-0.1;0.1;1
0000001621;-80.45;12.25;58.90;0.1;0.0;0.1;1
0000001622;-80.45;12.30;58.95;0.0;0.1;0.0;1
0000001623;-80.55;12.40;58.90;-0.1;0.1;-0.0;1
0000001624;-80.50;12.35;58.95;0.1;-0.0;0.0;1
0000001625;-80.40;12.25;58.95;0.1;-0.1;0.0;1
0000001626;-80.50;12.20;58.90;-0.1;-0.1;-0.0;1
0000001627;-80.55;12.15;58.80;-0.1;-0.1;-0.1;1
0000001628;-80.45;12.10;58.75;0.1;-0.0;-0.0;1
0000001629;-80.55;12.05;58.85;-0.1;-0.1;0.1;1
0000001630;-80.45;12.15;58.85;0.1;0.1;0.0;1
0000001631;-80.40;12.20;58.75;0.0;0.1;-0.1;1
0000001632;-80.40;12.30;58.85;0.0;0.1;0.1;1
0000001633;-80.35;12.35;58.90;0.1;0.1;0.1;1
0000001634;-80.30;12.45;58.95;0.0;0.1;0.0;1
0000001635;-80.25;12.45;59.05;0.1;0.0;0.1;1
0000001636;-80.20;12.35;59.15;0.1;-0.1;0.1;1
0000001637;-80.25;12.30;59.20;-0.1;-0.1;0.0;1
0000001638;-80.20;12.20;59.15;0.1;-0.1;-0.0;1
0000001639;-80.10;12.20;59.20;0.1;0.0;0.0;1
0000001640;-80.10;12.10;59.20;0.0;-0.1;0.0;1
0000001641;-80.20;12.20;59.30;-0.1;0.1;0.1;1
0000001642;-80.25;12.10;59.25;-0.1;-0.1;-0.0;1
0000001643;-80.15;12.05;59.15;0.1;-0.1;-0.1;1
0000001644;-80.25;12.15;59.20;-0.1;0.1;0.0;1
0000001645;-80.15;12.25;59.10;0.1;0.1;-0.1;1
0000001646;-80.05;12.30;59.15;0.1;0.1;0.1;1
0000001647;-80.00;12.25;59.15;0.1;-0.1;0.0;1
0000001648;-79.90;12.30;59.20;0.1;0.1;0.0;1
0000001649;-79.85;12.20;59.20;0.1;-0.1;0.0;1
0000001650;-79.85;12.25;59.25;0.0;0.1;0.0;1
0000001651;-79.75;12.25;59.20;0.1;0.0;-0.0;1
0000001652;-79.75;12.15;59.10;0.0;-0.1;-0.1;1
0000001653;-79.80;12.25;59.00;-0.1;0.1;-0.1;1
0000001654;-79.75;12.15;58.90;0.1;-0.1;-0.1;1
0000001655;-79.80;12.25;58.90;-0.1;0.1;0.0;1
0000001656;-79.85;12.20;58.90;-0.0;-0.1;0.0;1
0000001657;-79.95;12.10;58.85;-0.1;-0.1;-0.1;1
0000001658;-80.05;12.15;58.80;-0.1;0.0;-0.0;1
0000001659;-79.95;12.05;58.70;0.1;-0.1;-0.1;1
0000001660;-79.95;12.10;58.65;0.0;0.1;-0.0;1
0000001661;-79.85;12.00;58.75;0.1;-0.1;0.1;1
0000001662;-79.95;12.00;58.70;-0.1;0.0;-0.0;1
0000001663;-79.90;11.95;58.75;0.0;-0.1;0.0;1
0000001664;-79.80;12.00;58.65;0.1;0.1;-0.1;1
0000001665;-79.90;12.05;58.60;-0.1;0.1;-0.1;1
0000001666;-79.80;12.00;58.65;0.1;-0.1;0.1;1
0000001667;-79.70;12.05;58.75;0.1;0.1;0.1;1
0000001668;-79.65;12.05;58.65;0.0;0.0;-0.1;1
0000001669;-79.60;12.00;58.60;0.1;-0.1;-0.1;1
0000001670;-79.50;12.00;58.60;0.1;0.0;0.0;1
0000001671;-79.50;12.00;58.70;0.0;0.0;0.1;1
0000001672;-79.40;12.10;58.70;0.1;0.1;0.0;1
0000001673;-79.45;12.05;58.75;-0.0;-0.1;0.0;1
0000001674;-79.35;12.15;58.75;0.1;0.1;0.0;1
0000001675;-79.30;12.10;58.85;0.0;-0.0;0.1;1
0000001676;-79.25;12.10;58.80;0.1;0.0;-0.0;1
0000001677;-79.30;12.05;58.80;-0.1;-0.1;0.0;1
0000001678;-79.40;12.10;58.85;-0.1;0.1;0.0;1
0000001679;-79.50;12.05;58.80;-0.1;-0.1;-0.0;1
0000001680;-79.40;11.95;58.85;0.1;-0.1;0.0;1
0000001681;-79.45;12.05;58.75;-0.0;0.1;-0.1;1
0000001682;-79.35;12.10;58.65;0.1;0.1;-0.1;1
0000001683;-79.25;12.15;58.60;0.1;0.0;-0.1;1
0000001684;-79.30;12.05;58.55;-0.1;-0.1;-0.0;1
0000001685;-79.40;12.00;58.55;-0.1;-0.1;0.0;1
0000001686;-79.40;12.10;58.45;0.0;0.1;-0.1;1
0000001687;-79.45;12.10;58.40;-0.0;0.0;-0.0;1
0000001688;-79.50;12.15;58.45;-0.1;0.0;0.0;1
0000001689;-79.50;12.25;58.35;0.0;0.1;-0.1;1
0000001690;-79.55;12.15;58.25;-0.1;-0.1;-0.1;1
0000001691;-79.55;12.20;58.35;0.0;0.1;0.1;1
0000001692;-79.60;12.10;58.30;-0.0;-0.1;-0.0;1
0000001693;-79.65;12.00;58.40;-0.1;-0.1;0.1;1
0000001694;-79.60;11.90;58.30;0.1;-0.1;-0.1;1
0000001695;-79.55;12.00;58.20;0.0;0.1;-0.1;1
0000001696;-79.55;11.90;58.15;0.0;-0.1;-0.0;1
0000001697;-79.60;11.95;58.10;-0.0;0.1;-0.1;1
0000001698;-79.55;11.85;58.05;0.0;-0.1;-0.0;1
0000001699;-79.65;11.95;58.05;-0.1;0.1;0.0;1
0000001700;-79.55;12.00;58.10;0.1;0.1;0.0;1
0000001701;-79.65;11.90;58.20;-0.1;-0.1;0.1;1
0000001702;-79.65;11.80;58.10;0.0;-0.1;-0.1;1
0000001703;-79.60;11.80;58.15;0.1;0.0;0.1;1
0000001704;-79.60;11.75;58.15;0.0;-0.1;0.0;1
0000001705;-79.65;11.75;58.10;-0.1;0.0;-0.1;1
0000001706;-79.60;11.65;58.05;0.1;-0.1;-0.0;1
0000001707;-79.55;11.55;58.15;0.0;-0.1;0.1;1
0000001708;-79.45;11.45;58.15;0.1;-0.1;0.0;1
0000001709;-79.55;11.40;58.05;-0.1;-0.1;-0.1;1
0000001710;-79.60;11.35;58.15;-0.0;-0.0;0.1;1
0000001711;-79.60;11.35;58.20;0.0;0.0;0.0;1
0000001712;-79.65;11.45;58.25;-0.1;0.1;0.0;1
0000001713;-79.55;11.35;58.30;0.1;-0.1;0.0;1
0000001714;-79.45;11.40;58.25;0.1;0.0;-0.0;1
0000001715;-79.35;11.40;58.35;0.1;0.0;0.1;1
0000001716;-79.25;11.45;58.40;0.1;0.1;0.1;1
0000001717;-79.20;11.40;58.50;0.1;-0.1;0.1;1
0000001718;-79.30;11.45;58.55;-0.1;0.1;0.0;1
0000001719;-79.30;11.50;58.50;0.0;0.1;-0.0;1
0000001720;-79.30;11.45;58.60;0.0;-0.1;0.1;1
0000001721;-79.30;11.40;58.60;0.0;-0.1;0.0;1
0000001722;-79.20;11.40;58.60;0.1;0.0;0.0;1
0000001723;-79.15;11.40;58.70;0.0;0.0;0.1;1
0000001724;-79.10;11.30;58.70;0.1;-0.1;0.0;1
0000001725;-79.15;11.30;58.65;-0.1;0.0;-0.0;1
0000001726;-79.10;11.30;58.65;0.1;0.0;0.0;1
0000001727;-79.15;11.20;58.65;-0.1;-0.1;0.0;1
0000001728;-79.25;11.15;58.70;-0.1;-0.1;0.0;1
0000001729;-79.30;11.05;58.80;-0.1;-0.1;0.1;1
0000001730;-79.35;11.05;58.75;-0.0;0.0;-0.0;1
0000001731;-79.35;11.00;58.70;0.0;-0.1;-0.0;1
0000001732;-79.35;11.00;58.60;0.0;0.0;-0.1;1
0000001733;-79.35;10.90;58.70;0.0;-0.1;0.1;1
0000001734;-79.35;10.90;58.60;0.0;0.0;-0.1;1
0000001735;-79.45;11.00;58.65;-0.1;0.1;0.1;1
0000001736;-79.35;11.10;58.60;0.1;0.1;-0.1;1
0000001737;-79.25;11.10;58.55;0.1;0.0;-0.0;1
0000001738;-79.15;11.00;58.60;0.1;-0.1;0.0;1
0000001739;-79.20;11.05;58.65;-0.0;0.1;0.1;1
0000001740;-79.20;11.05;58.75;0.0;0.0;0.1;1
0000001741;-79.25;11.05;58.75;-0.1;0.0;0.0;1
0000001742;-79.20;10.95;58.65;0.1;-0.1;-0.1;1
0000001743;-79.20;10.95;58.60;0.0;0.0;-0.1;1
0000001744;-79.20;10.90;58.50;0.0;-0.1;-0.1;1
0000001745;-79.10;10.90;58.45;0.1;0.0;-0.0;1
0000001746;-79.15;10.80;58.55;-0.1;-0.1;0.1;1
0000001747;-79.10;10.70;58.55;0.1;-0.1;0.0;1
0000001748;-79.10;10.70;58.50;0.0;0.0;-0.0;1
0000001749;-79.05;10.75;58.55;0.0;0.1;0.0;1
0000001750;-79.00;10.80;58.60;0.1;0.1;0.0;1
0000001751;-79.05;10.90;58.50;-0.1;0.1;-0.1;1
0000001752;-79.00;10.85;58.50;0.1;-0.0;0.0;1
0000001753;-78.90;10.90;58.60;0.1;0.0;0.1;1
0000001754;-78.85;10.95;58.50;0.1;0.1;-0.1;1
0000001755;-78.90;10.85;58.60;-0.1;-0.1;0.1;1
0000001756;-78.95;10.80;58.55;-0.0;-0.1;-0.0;1
0000001757;-78.85;10.75;58.50;0.1;-0.1;-0.0;1
0000001758;-78.80;10.85;58.40;0.0;0.1;-0.1;1
0000001759;-78.80;10.90;58.45;0.0;0.0;0.0;1
0000001760;-78.75;10.90;58.35;0.1;0.0;-0.1;1
0000001761;-78.65;10.95;58.35;0.1;0.1;0.0;1
0000001762;-78.60;10.95;58.25;0.1;0.0;-0.1;1
0000001763;-78.55;10.95;58.25;0.0;0.0;0.0;1
0000001764;-78.60;11.05;58.35;-0.0;0.1;0.1;1
0000001765;-78.70;11.05;58.25;-0.1;0.0;-0.1;1
0000001766;-78.65;11.15;58.35;0.0;0.1;0.1;0
0000001767;-78.55;11.20;58.40;0.1;0.1;0.1;0
0000001768;-78.55;11.15;58.30;0.0;-0.1;-0.1;0
0000001769;-78.45;11.10;58.40;0.1;-0.0;0.1;0
0000001770;-78.50;11.10;58.50;-0.1;0.0;0.1;0
0000001771;-78.50;11.05;58.50;0.0;-0.1;0.0;0
0000001772;-78.55;11.05;58.55;-0.1;0.0;0.0;0
0000001773;-78.45;11.15;58.50;0.1;0.1;-0.0;0
0000001774;-78.45;11.20;58.50;0.0;0.1;0.0;0
0000001775;-78.55;11.20;58.45;-0.1;0.0;-0.0;0
0000001776;-78.50;11.15;58.50;0.1;-0.1;0.0;0
0000001777;-78.40;11.20;58.60;0.1;0.1;0.1;0
0000001778;-78.40;11.10;58.55;0.0;-0.1;-0.0;0
0000001779;-78.40;11.15;58.60;0.0;0.0;0.0;0
0000001780;-78.45;11.10;58.70;-0.0;-0.0;0.1;0
0000001781;-78.50;11.10;58.75;-0.1;0.0;0.0;0
0000001782;-78.40;11.20;58.70;0.1;0.1;-0.0;0
0000001783;-78.30;11.15;58.65;0.1;-0.1;-0.0;0
0000001784;-78.30;11.10;58.65;0.0;-0.0;0.0;0
0000001785;-78.20;11.20;58.75;0.1;0.1;0.1;0
0000001786;-78.10;11.30;58.65;0.1;0.1;-0.1;0
0000001787;-78.20;11.20;58.65;-0.1;-0.1;0.0;0
0000001788;-78.20;11.15;58.55;0.0;-0.1;-0.1;0
0000001789;-78.15;11.25;58.50;0.0;0.1;-0.0;0
0000001790;-78.25;11.20;58.60;-0.1;-0.1;0.1;0
0000001791;-78.30;11.15;58.65;-0.1;-0.1;0.1;0
0000001792;-78.35;11.15;58.60;-0.0;0.0;-0.1;0
0000001793;-78.25;11.25;58.60;0.1;0.1;0.0;0
0000001794;-78.30;11.30;58.70;-0.1;0.1;0.1;0
0000001795;-78.20;11.35;58.60;0.1;0.1;-0.1;0
0000001796;-78.20;11.45;58.50;0.0;0.1;-0.1;0
0000001797;-78.10;11.50;58.50;0.1;0.1;0.0;0
0000001798;-78.05;11.50;58.45;0.0;0.0;-0.0;0
0000001799;-78.00;11.60;58.45;0.1;0.1;0.0;0
0000001800;-78.00;11.70;58.50;0.0;0.1;0.0;0
0000001801;-78.05;11.65;58.55;-0.1;-0.1;0.0;0
0000001802;-78.15;11.70;58.65;-0.1;0.1;0.1;0
0000001803;-78.10;11.70;58.55;0.1;0.0;-0.1;0
0000001804;-78.20;11.65;58.55;-0.1;-0.1;0.0;0
0000001805;-78.10;11.75;58.45;0.1;0.1;-0.1;0
0000001806;-78.10;11.85;58.35;0.0;0.1;-0.1;0
0000001807;-78.00;11.90;58.25;0.1;0.0;-0.1;0
0000001808;-78.10;11.85;58.15;-0.1;-0.0;-0.1;0
0000001809;-78.10;11.75;58.15;0.0;-0.1;0.0;0
0000001810;-78.20;11.75;58.05;-0.1;0.0;-0.1;0
0000001811;-78.20;11.75;58.10;0.0;0.0;0.0;0
0000001812;-78.20;11.70;58.15;0.0;-0.1;0.1;0
0000001813;-78.20;11.70;58.10;0.0;0.0;-0.1;0
0000001814;-78.25;11.80;58.10;-0.1;0.1;0.0;0
0000001815;-78.25;11.70;58.05;0.0;-0.1;-0.0;0
0000001816;-78.25;11.65;57.95;0.0;-0.1;-0.1;0
0000001817;-78.20;11.75;57.90;0.1;0.1;-0.0;0
0000001818;-78.10;11.65;57.85;0.1;-0.1;-0.1;0
0000001819;-78.20;11.75;57.85;-0.1;0.1;0.0;0
0000001820;-78.30;11.65;57.90;-0.1;-0.1;0.1;0
0000001821;-78.40;11.75;57.85;-0.1;0.1;-0.1;0
0000001822;-78.50;11.80;57.85;-0.1;0.1;0.0;0
0000001823;-78.50;11.85;57.75;0.0;0.1;-0.1;0
0000001824;-78.40;11.90;57.75;0.1;0.0;0.0;0
0000001825;-78.35;11.90;57.85;0.1;0.0;0.1;0
0000001826;-78.25;11.85;57.90;0.1;-0.0;0.1;0
0000001827;-78.30;11.75;57.90;-0.1;-0.1;0.0;0
0000001828;-78.35;11.65;57.85;-0.0;-0.1;-0.1;0
0000001829;-78.30;11.75;57.75;0.0;0.1;-0.1;0
0000001830;-78.25;11.80;57.70;0.1;0.1;-0.0;0
0000001831;-78.30;11.80;57.80;-0.1;0.0;0.1;0
0000001832;-78.40;11.70;57.80;-0.1;-0.1;0.0;0
0000001833;-78.45;11.65;57.80;-0.0;-0.1;0.0;0
0000001834;-78.50;11.70;57.85;-0.1;0.1;0.0;0
0000001835;-78.40;11.75;57.75;0.1;0.1;-0.1;0
0000001836;-78.40;11.80;57.80;0.0;0.1;0.0;0
0000001837;-78.50;11.80;57.90;-0.1;0.0;0.1;0
0000001838;-78.60;11.70;57.95;-0.1;-0.1;0.0;0
0000001839;-78.55;11.75;58.05;0.0;0.1;0.1;0
0000001840;-78.55;11.85;58.05;0.0;0.1;0.0;0
0000001841;-78.65;11.90;58.10;-0.1;0.0;0.0;0
