##########
# Исследование № 000011
# 2025-11-12 19:14:13
##########
0000000032;39.55;-8.60;-1.30;0;0
0000000045;39.60;-8.50;-1.30;0;0
0000000071;39.65;-8.45;-1.30;0;0
0000000099;39.60;-8.35;-1.35;0;0
0000000130;39.60;-8.25;-1.55;0;0
0000000163;39.65;-8.15;-1.60;0;0
0000000198;39.65;-8.10;-1.60;0;0
0000000215;39.75;-7.95;-1.70;0;0
0000000243;39.70;-7.90;-1.75;0;0
0000000265;39.70;-7.80;-1.75;0;0
0000000275;39.75;-7.80;-1.75;0;0
0000000306;39.75;-7.80;-1.80;0;0
0000000322;39.70;-7.75;-1.80;0;0
0000000354;39.75;-7.75;-1.85;0;0
0000000376;39.70;-7.70;-1.95;0;0
0000000406;39.70;-7.65;-1.95;0;0
0000000427;39.70;-7.65;-2.00;0;0
0000000443;39.70;-7.55;-2.05;0;0
0000000463;39.70;-7.55;-2.10;0;0
0000000490;39.65;-7.55;-2.10;0;0
0000000507;39.65;-7.50;-2.20;0;0
0000000531;39.70;-7.40;-2.20;0;0
0000000553;39.75;-7.35;-2.25;0;0
0000000573;39.75;-7.30;-2.30;0;0
0000000596;39.70;-7.25;-2.30;0;0
0000000618;39.70;-7.15;-2.30;0;0
0000000642;39.70;-7.10;-2.30;0;0
0000000664;39.65;-7.00;-2.30;0;0
0000000684;39.65;-7.00;-2.30;0;0
0000000709;39.65;-6.95;-2.40;0;0
0000000729;39.60;-6.90;-2.40;0;0
0000000755;39.55;-6.85;-2.40;0;0
0000000774;39.55;-6.75;-2.40;0;0
0000000796;39.50;-6.65;-2.45;0;0
0000000817;39.45;-6.60;-2.50;0;0
0000000840;39.45;-6.60;-2.60;0;0
0000000861;39.50;-6.50;-2.60;0;0
0000000884;39.50;-6.40;-2.65;0;0
0000000910;39.55;-6.30;-2.70;0;0
0000000928;39.55;-6.25;-2.75;0;0
0000000954;39.50;-6.25;-2.80;0;0
0000000974;39.55;-6.15;-2.90;0;0
0000000998;39.60;-6.10;-2.90;0;0
0000001016;39.60;-6.05;-3.00;0;0
0000001045;39.65;-6.00;-3.05;0;0
0000001060;39.65;-6.00;-3.15;0;0
0000001087;39.70;-5.95;-3.25;0;0
0000001107;39.70;-5.85;-3.25;0;0
0000001130;39.70;-5.80;-3.30;0;0
0000001147;39.70;-5.75;-3.30;0;0
0000001170;39.65;-5.70;-3.35;0;0
0000001198;39.65;-5.65;-3.45;0;0
0000001213;39.60;-5.55;-3.50;0;0
0000001236;39.60;-5.50;-3.55;0;0
0000001259;39.65;-5.45;-3.65;0;0
0000001289;39.65;-5.45;-3.70;0;0
0000001308;39.60;-5.45;-3.75;0;0
0000001325;39.65;-5.45;-3.85;0;0
0000001345;39.70;-5.40;-3.95;1;0
0000001368;39.70;-5.30;-4.05;1;0
0000001377;39.65;-5.25;-4.10;1;0
0000001409;39.65;-5.15;-4.15;1;0
0000001426;39.70;-5.10;-4.20;1;0
0000001441;39.75;-5.05;-4.30;1;0
0000001472;39.75;-5.05;-4.30;1;0
0000001523;39.75;-5.00;-4.30;1;0
0000001536;39.75;-4.95;-4.40;1;0
0000001572;39.80;-4.90;-4.40;1;0
0000001584;39.80;-4.90;-4.45;1;0
0000001632;39.80;-4.80;-4.50;1;0
0000001656;39.80;-4.75;-4.70;1;0
0000001664;39.85;-4.65;-4.80;1;0
0000001702;39.85;-4.65;-4.85;1;0
0000001713;39.85;-4.60;-4.90;1;0
0000001730;39.80;-4.60;-4.90;1;0
0000001760;39.80;-4.55;-5.00;1;0
0000001777;39.80;-4.50;-5.10;1;0
0000001808;39.85;-4.40;-5.15;1;0
0000001840;39.85;-4.40;-5.15;1;0
0000001872;39.85;-4.25;-5.30;1;0
0000001888;39.90;-4.15;-5.40;1;0
0000001919;39.90;-4.10;-5.45;1;0
0000001935;39.90;-4.00;-5.50;1;0
0000001951;39.85;-3.95;-5.60;1;0
0000001987;39.90;-3.90;-5.65;1;0
0000002015;39.90;-3.85;-5.70;1;0
0000002055;39.90;-3.80;-5.80;1;0
0000002073;39.90;-3.70;-5.85;1;0
0000002086;39.85;-3.65;-5.95;1;0
0000002094;39.85;-3.55;-6.05;1;0
0000002114;39.90;-3.50;-6.10;1;0
0000002146;39.95;-3.45;-6.15;1;0
0000002177;39.95;-3.35;-6.20;1;0
0000002200;40.00;-3.30;-6.25;1;0
0000002209;40.05;-3.25;-6.25;1;0
0000002225;40.05;-3.20;-6.35;1;0
0000002251;40.05;-3.20;-6.45;1;0
0000002287;40.05;-3.15;-6.50;1;0
0000002319;40.00;-3.00;-6.55;1;0
0000002353;40.00;-3.00;-6.65;1;0
0000002371;39.95;-2.90;-6.75;1;0
0000002382;39.95;-2.85;-6.85;1;0
0000002398;39.95;-2.75;-6.90;1;0
0000002414;39.90;-2.70;-6.90;1;0
0000002445;39.90;-2.65;-6.90;1;0
0000002461;39.90;-2.65;-6.90;1;0
0000002478;39.85;-2.65;-6.90;1;0
0000002512;39.80;-2.65;-6.90;1;0
0000002525;39.85;-2.60;-6.95;1;0
0000002556;39.80;-2.50;-6.95;1;0
0000002572;39.75;-2.45;-7.00;1;0
0000002603;39.75;-2.40;-7.05;1;0
0000002619;39.70;-2.40;-7.10;1;0
0000002635;39.70;-2.35;-7.15;1;0
0000002666;39.70;-2.25;-7.20;1;0
0000002689;39.75;-2.15;-7.25;1;0
0000002698;39.70;-2.10;-7.30;1;0
0000002730;39.70;-2.05;-7.35;1;0
0000002746;39.70;-2.00;-7.40;1;0
0000002779;39.70;-1.90;-7.40;1;0
0000002795;39.70;-1.85;-7.45;1;0
0000002826;39.65;-1.80;-7.45;1;0
0000002844;39.65;-1.80;-7.55;1;0
0000002867;39.65;-1.80;-7.65;1;0
0000002889;39.60;-1.75;-7.65;1;0
0000002905;39.55;-1.65;-7.70;1;0
0000002937;39.55;-1.55;-7.75;1;0
0000002953;39.55;-1.55;-7.80;1;0
0000002985;39.55;-1.55;-7.80;1;0
0000003016;39.50;-1.45;-7.95;1;0
0000003046;39.45;-1.40;-8.00;1;0
0000003066;39.50;-1.40;-8.05;1;0
0000003082;39.50;-1.35;-8.05;1;0
0000003106;39.45;-1.30;-8.10;1;0
0000003130;39.50;-1.30;-8.15;1;0
0000003162;39.55;-1.20;-8.20;1;0
0000003165;39.50;-1.15;-8.25;1;0
0000003197;39.50;-1.10;-8.30;1;0
0000003225;39.55;-1.00;-8.35;1;0
0000003241;39.60;-0.95;-8.45;1;0
0000003263;39.55;-0.85;-8.45;1;0
0000003290;39.60;-0.80;-8.55;1;0
0000003309;39.60;-0.75;-8.60;1;1
0000003321;39.60;-0.70;-8.65;1;1
0000003355;39.65;-0.60;-8.70;1;1
0000003368;39.70;-0.50;-8.70;1;1
0000003392;39.70;-0.40;-8.75;1;1
0000003416;39.75;-0.35;-8.85;1;1
0000003432;39.75;-0.30;-8.90;1;1
0000003448;39.80;-0.30;-9.00;1;1
0000003496;39.80;-0.25;-9.00;1;1
0000003529;39.80;-0.20;-9.15;1;1
0000003544;39.75;-0.10;-9.20;1;1
0000003563;39.70;0.00;-9.25;1;1
0000003593;39.70;0.05;-9.25;1;1
0000003610;39.65;0.10;-9.35;1;1
0000003641;39.65;0.10;-9.45;1;1
0000003656;39.65;0.20;-9.55;1;1
0000003690;39.65;0.30;-9.60;1;1
0000003704;39.65;0.30;-9.65;1;1
0000003720;39.60;0.40;-9.65;1;1
0000003736;39.60;0.45;-9.70;1;1
0000003767;39.65;0.50;-9.75;1;1
0000003783;39.70;0.50;-9.85;1;1
0000003815;39.70;0.50;-9.85;1;1
0000003831;39.70;0.50;-9.85;1;1
0000003849;39.75;0.55;-9.85;1;1
0000003878;39.80;0.65;-9.85;1;1
0000003910;39.85;0.65;-9.90;1;1
0000003926;39.80;0.70;-9.90;1;1
0000003947;39.85;0.75;-9.90;1;1
0000003968;39.85;0.80;-9.95;1;1
0000003988;39.85;0.85;-10.00;1;1
0000004003;39.85;0.90;-10.05;1;1
0000004038;39.85;0.95;-10.10;1;1
0000004062;39.90;1.00;-10.10;1;1
0000004067;39.95;1.00;-10.15;1;1
0000004099;39.90;1.05;-10.20;1;1
0000004115;39.95;1.10;-10.30;1;1
0000004147;39.90;1.15;-10.35;1;1
0000004187;39.85;1.25;-10.40;1;1
0000004210;39.85;1.30;-10.50;1;1
0000004242;39.85;1.40;-10.55;1;1
0000004257;39.80;1.40;-10.65;1;1
0000004273;39.80;1.45;-10.65;1;1
0000004289;39.85;1.55;-10.75;1;1
0000004324;39.80;1.65;-10.85;1;1
0000004338;39.75;1.75;-10.95;1;1
0000004352;39.70;1.80;-11.00;1;1
0000004384;39.65;1.90;-11.10;1;1
0000004400;39.60;1.90;-11.20;1;1
0000004432;39.55;1.95;-11.30;1;1
0000004449;39.50;2.00;-11.40;1;1
0000004481;39.45;2.05;-11.40;1;1
0000004496;39.45;2.10;-11.45;1;1
0000004512;39.40;2.15;-11.50;1;1
0000004528;39.35;2.20;-11.55;1;1
0000004560;39.35;2.30;-11.55;1;1
0000004575;39.35;2.35;-11.55;1;1
0000004612;39.30;2.40;-11.65;1;1
0000004624;39.25;2.45;-11.70;1;1
0000004642;39.25;2.45;-11.75;1;1
0000004672;39.25;2.50;-11.80;1;1
0000004687;39.30;2.60;-11.85;1;1
0000004719;39.30;2.70;-11.95;1;1
0000004735;39.35;2.70;-12.00;1;1
0000004753;39.40;2.75;-12.00;1;1
0000004771;39.40;2.80;-12.05;1;1
0000004799;39.40;2.80;-12.15;1;1
0000004818;39.40;2.80;-12.20;1;1
0000004846;39.35;2.85;-12.20;1;1
0000004853;39.40;2.90;-12.25;1;1
0000004862;39.35;2.90;-12.30;1;1
0000004878;39.40;2.95;-12.35;1;1
0000004910;39.45;3.05;-12.35;1;1
0000004930;39.40;3.05;-12.45;1;1
0000004941;39.40;3.10;-12.55;1;1
0000004957;39.35;3.20;-12.55;1;1
0000004981;39.40;3.25;-12.65;1;1
0000004989;39.35;3.30;-12.70;1;1
0000005021;39.40;3.30;-12.75;1;1
0000005046;39.45;3.35;-12.85;1;1
0000005053;39.45;3.40;-12.85;1;1
0000005067;39.45;3.40;-12.85;1;1
0000005088;39.45;3.40;-12.95;1;1
0000005099;39.45;3.45;-13.05;1;1
0000005134;39.50;3.55;-13.10;1;1
0000005149;39.50;3.70;-13.15;1;1
0000005178;39.55;3.80;-13.25;1;1
0000005194;39.60;3.80;-13.35;1;1
0000005226;39.55;3.80;-13.35;1;1
0000005231;39.60;3.85;-13.40;1;1
0000005242;39.65;3.95;-13.40;1;1
0000005275;39.70;4.05;-13.45;1;1
0000005290;39.70;4.15;-13.50;1;1
0000005306;39.70;4.20;-13.55;1;1
0000005325;39.70;4.25;-13.65;1;1
0000005337;39.75;4.35;-13.75;1;1
0000005353;39.80;4.45;-13.80;1;1
0000005369;39.80;4.55;-13.80;1;1
0000005385;39.75;4.60;-13.90;1;1
0000005411;39.70;4.65;-13.95;1;1
0000005416;39.70;4.75;-14.05;1;1
0000005464;39.75;4.85;-14.05;1;1
0000005480;39.80;4.95;-14.20;1;1
0000005515;39.80;5.05;-14.25;1;1
0000005527;39.85;5.10;-14.35;1;1
0000005543;39.90;5.10;-14.45;1;1
0000005559;39.90;5.10;-14.50;1;1
0000005575;39.90;5.15;-14.60;1;1
0000005590;39.90;5.25;-14.65;1;1
0000005612;39.90;5.30;-14.70;1;1
0000005622;39.95;5.40;-14.75;1;1
0000005638;40.00;5.50;-14.80;1;1
0000005654;39.95;5.55;-14.80;1;1
0000005686;39.95;5.60;-14.90;1;1
0000005708;39.95;5.65;-14.95;1;1
0000005717;39.90;5.70;-14.95;1;1
0000005737;39.85;5.75;-15.05;1;1
0000005749;39.90;5.75;-15.10;1;1
0000005777;39.90;5.75;-15.15;1;1
0000005782;39.90;5.85;-15.20;1;1
0000005801;39.90;5.90;-15.20;1;1
0000005842;39.85;5.95;-15.25;1;1
0000005844;39.85;6.05;-15.35;1;1
0000005875;39.90;6.10;-15.40;1;1
0000005891;39.95;6.15;-15.45;1;1
0000005907;39.90;6.20;-15.60;1;1
0000005938;39.90;6.25;-15.70;1;1
0000005954;39.90;6.30;-15.75;1;1
0000005971;39.90;6.30;-15.75;1;1
0000005990;39.90;6.35;-15.80;1;1
0000006002;39.90;6.40;-15.85;1;1
0000006018;39.90;6.45;-15.85;1;1
0000006047;39.90;6.50;-15.90;1;1
0000006065;39.85;6.50;-15.95;1;0
0000006083;39.80;6.60;-16.00;1;0
0000006115;39.80;6.70;-16.10;1;0
0000006131;39.80;6.80;-16.20;1;0
0000006151;39.85;6.85;-16.30;1;0
0000006179;39.85;6.95;-16.35;1;0
0000006198;39.80;7.00;-16.55;1;0
0000006226;39.75;7.05;-16.60;1;0
0000006246;39.80;7.05;-16.65;1;0
0000006261;39.85;7.15;-16.65;1;0
0000006274;39.90;7.25;-16.70;0;0
0000006292;39.85;7.30;-16.70;0;0
0000006306;39.80;7.35;-16.75;0;0
0000006322;39.80;7.40;-16.80;0;0
0000006354;39.85;7.50;-16.80;0;0
0000006369;39.85;7.50;-16.85;0;0
0000006397;39.90;7.55;-16.90;0;0
0000006403;39.85;7.65;-16.95;0;0
0000006417;39.85;7.70;-17.05;0;0
0000006451;39.85;7.75;-17.05;0;0
0000006465;39.75;7.80;-17.15;0;0
0000006497;39.80;7.85;-17.15;0;0
0000006537;39.80;7.90;-17.20;0;0
0000006560;39.80;8.05;-17.35;0;0
0000006568;39.80;8.10;-17.45;0;0
0000006591;39.75;8.10;-17.55;0;0
0000006620;39.80;8.20;-17.55;0;0
0000006623;39.85;8.25;-17.65;0;0
0000006642;39.85;8.30;-17.75;0;0
0000006655;39.85;8.35;-17.75;0;0
0000006676;39.85;8.40;-17.80;0;0
0000006687;39.90;8.50;-17.90;0;0
0000006702;39.85;8.55;-18.00;0;0
0000006724;39.85;8.60;-18.05;0;0
0000006740;39.85;8.60;-18.15;0;0
0000006766;39.85;8.70;-18.20;0;0
0000006784;39.85;8.70;-18.30;0;0
0000006797;39.80;8.70;-18.30;0;0
0000006829;39.80;8.75;-18.35;0;0
0000006871;39.80;8.75;-18.35;0;0
0000006877;39.85;8.75;-18.40;0;0
0000006898;39.80;8.95;-18.50;0;0
0000006908;39.85;8.95;-18.55;0;0
0000006924;39.85;8.95;-18.60;0;0
0000006939;39.85;9.05;-18.65;0;0
0000006955;39.80;9.10;-18.75;0;0
0000006994;39.85;9.15;-18.75;0;0
0000007010;39.80;9.20;-18.80;0;0
0000007023;39.80;9.20;-18.90;0;0
0000007050;39.80;9.30;-19.00;0;0
0000007070;39.80;9.40;-19.00;0;0
0000007074;39.85;9.45;-19.00;0;0
0000007095;39.85;9.55;-19.10;0;0
0000007111;39.80;9.50;-19.15;0;0
0000007137;39.85;9.45;-19.15;0;0
0000007147;39.90;9.45;-19.25;0;0
0000007165;39.90;9.45;-19.30;0;0
0000007183;39.90;9.35;-19.35;0;0
0000007204;39.90;9.30;-19.40;0;0
0000007230;39.90;9.20;-19.40;0;0
0000007244;39.90;9.15;-19.45;0;0
0000007255;39.90;9.10;-19.55;0;0
0000007277;39.95;9.05;-19.60;0;0
0000007298;40.00;9.00;-19.65;0;0
0000007312;40.05;8.95;-19.75;0;0
0000007333;40.05;8.95;-19.75;0;0
0000007345;40.00;8.90;-19.80;0;0
0000007365;40.00;8.90;-19.85;0;0
0000007381;40.00;8.85;-19.90;0;0
0000007399;40.00;8.75;-19.90;0;0
0000007429;40.00;8.65;-19.90;0;0
0000007438;39.95;8.65;-19.95;0;0
0000007469;40.00;8.55;-20.00;0;0
0000007472;40.00;8.45;-20.00;0;0
0000007492;39.95;8.40;-20.05;0;0
0000007515;39.95;8.40;-20.05;0;0
0000007531;40.00;8.35;-20.10;0;0
0000007544;40.00;8.25;-20.15;0;0
0000007563;40.00;8.25;-20.20;0;0
0000007580;40.00;8.15;-20.25;0;0
0000007602;39.95;8.10;-20.30;0;0
0000007624;39.90;8.05;-20.35;0;0
0000007634;39.95;7.95;-20.40;0;0
0000007661;39.95;7.85;-20.45;0;0
0000007677;40.00;7.75;-20.50;0;0
0000007688;40.05;7.70;-20.60;0;0
0000007712;40.05;7.70;-20.60;0;0
0000007726;40.05;7.65;-20.60;0;0
0000007746;40.10;7.65;-20.60;0;0
0000007764;40.10;7.65;-20.65;0;0
0000007778;40.05;7.55;-20.75;0;0
0000007799;40.05;7.50;-20.80;0;0
0000007815;40.00;7.45;-20.80;0;0
0000007835;40.00;7.45;-20.80;0;0
0000007859;40.00;7.35;-20.85;0;0
0000007885;40.05;7.25;-20.95;0;0
0000007888;40.00;7.15;-21.05;0;0
0000007909;40.05;7.15;-21.10;0;0
0000007933;40.10;7.15;-21.15;0;0
0000007944;40.10;7.05;-21.25;0;0
0000007961;40.05;7.05;-21.30;0;0
0000007978;40.00;7.00;-21.30;0;0
0000007996;40.00;7.00;-21.35;0;0
0000008012;39.95;6.90;-21.45;0;0
0000008032;39.95;6.90;-21.50;0;0
0000008048;39.95;6.90;-21.55;0;0
0000008072;40.00;6.80;-21.55;0;0
0000008094;39.95;6.75;-21.60;0;0
0000008110;40.00;6.70;-21.60;0;0
0000008126;39.95;6.60;-21.65;0;0
0000008146;40.00;6.50;-21.65;0;0
0000008162;40.00;6.40;-21.65;0;0
0000008187;39.95;6.30;-21.70;0;0
0000008193;39.90;6.30;-21.80;0;0
0000008214;39.90;6.25;-21.90;0;0
0000008229;39.85;6.20;-22.00;0;0
0000008248;39.80;6.20;-22.05;0;0
0000008269;39.80;6.20;-22.05;0;0
0000008297;39.80;6.15;-22.15;0;0
0000008316;39.75;6.05;-22.25;0;0
0000008331;39.75;5.95;-22.30;0;0
0000008339;39.75;5.95;-22.35;0;0
0000008362;39.70;5.90;-22.45;0;0
0000008379;39.70;5.85;-22.50;0;0
0000008392;39.70;5.75;-22.55;0;0
0000008416;39.75;5.70;-22.60;0;0
0000008427;39.80;5.60;-22.65;0;0
0000008450;39.75;5.60;-22.70;0;0
0000008464;39.80;5.55;-22.70;0;0
0000008481;39.75;5.50;-22.70;0;0
0000008515;39.70;5.45;-22.75;0;0
0000008527;39.75;5.40;-22.85;0;0
0000008540;39.75;5.40;-22.90;0;0
0000008562;39.80;5.35;-22.90;0;0
0000008577;39.75;5.30;-22.95;0;0
0000008599;39.75;5.20;-22.95;0;0
0000008615;39.70;5.10;-23.05;0;0
0000008631;39.70;5.05;-23.15;0;0
0000008644;39.65;4.95;-23.15;0;0
0000008663;39.60;4.90;-23.20;0;0
0000008679;39.60;4.90;-23.25;0;0
0000008697;39.60;4.80;-23.35;0;0
0000008715;39.60;4.70;-23.45;0;0
0000008744;39.60;4.65;-23.45;0;0
0000008756;39.60;4.60;-23.45;0;0
0000008786;39.55;4.55;-23.50;0;0
0000008789;39.60;4.45;-23.60;0;0
0000008812;39.60;4.45;-23.60;0;0
0000008825;39.60;4.45;-23.70;0;0
0000008844;39.60;4.40;-23.80;0;0
0000008860;39.60;4.30;-23.85;0;0
0000008881;39.55;4.25;-23.90;0;0
0000008897;39.50;4.20;-23.90;0;0
0000008917;39.55;4.20;-23.90;0;0
0000008932;39.50;4.10;-23.95;0;0
0000008953;39.55;4.00;-24.05;0;0
0000008977;39.50;4.00;-24.10;0;0
0000008993;39.50;3.95;-24.15;0;0
0000009014;39.45;3.90;-24.20;0;0
0000009031;39.45;3.80;-24.25;0;0
0000009040;39.40;3.75;-24.30;0;0
0000009061;39.40;3.75;-24.30;0;0
0000009080;39.45;3.75;-24.30;0;0
0000009096;39.45;3.70;-24.40;0;0
0000009120;39.45;3.65;-24.40;0;0
0000009133;39.45;3.65;-24.50;0;0
0000009154;39.45;3.65;-24.60;0;0
0000009179;39.45;3.60;-24.60;0;0
0000009198;39.45;3.55;-24.60;0;0
0000009209;39.45;3.45;-24.65;0;0
0000009223;39.50;3.45;-24.65;0;0
0000009250;39.55;3.40;-24.75;0;0
0000009259;39.60;3.30;-24.80;0;0
0000009281;39.65;3.25;-24.85;0;0
0000009295;39.65;3.20;-24.85;0;0
0000009313;39.65;3.10;-24.95;0;0
0000009337;39.70;3.05;-25.05;0;0
0000009349;39.75;3.05;-25.05;0;0
0000009366;39.75;3.00;-25.10;0;0
0000009400;39.70;2.90;-25.20;0;0
0000009409;39.70;2.90;-25.30;0;0
0000009422;39.70;2.80;-25.40;0;0
0000009442;39.75;2.70;-25.40;0;0
0000009457;39.75;2.65;-25.50;0;0
0000009485;39.75;2.65;-25.60;0;0
0000009492;39.80;2.65;-25.65;0;0
0000009511;39.75;2.60;-25.70;0;0
0000009528;39.70;2.50;-25.75;0;0
0000009546;39.70;2.40;-25.75;0;0
0000009571;39.65;2.40;-25.80;0;0
0000009582;39.70;2.35;-25.80;0;0
0000009609;39.65;2.30;-25.85;0;0
0000009630;39.65;2.30;-25.95;0;0
0000009638;39.65;2.30;-26.05;0;0
0000009656;39.60;2.20;-26.10;0;0
0000009680;39.55;2.20;-26.20;0;0
0000009692;39.60;2.15;-26.25;0;0
0000009717;39.65;2.05;-26.30;0;0
0000009728;39.70;2.00;-26.40;0;0
0000009746;39.65;2.00;-26.45;0;0
0000009763;39.65;1.90;-26.55;0;0
0000009781;39.70;1.90;-26.60;0;0
0000009809;39.75;1.90;-26.60;0;0
0000009827;39.75;1.80;-26.65;0;0
0000009836;39.80;1.80;-26.75;0;0
0000009863;39.80;1.80;-26.85;0;1
0000009888;39.85;1.70;-26.90;0;1
0000009904;39.85;1.60;-26.95;0;1
0000009926;39.90;1.50;-27.05;0;1
0000009936;39.90;1.45;-27.05;0;1
0000009960;39.95;1.45;-27.10;0;1
0000009976;39.90;1.35;-27.20;0;1
0000009984;39.85;1.35;-27.25;0;1
0000010016;39.90;1.30;-27.30;0;1
0000010032;39.90;1.20;-27.30;0;1
0000010070;39.90;1.20;-27.35;0;1
0000010072;39.95;1.15;-27.40;0;1
0000010084;39.95;1.15;-27.40;0;1
0000010100;39.95;1.10;-27.45;0;1
0000010116;39.95;1.05;-27.55;0;1
0000010132;39.95;1.00;-27.55;0;1
0000010151;40.00;0.95;-27.60;0;1
0000010163;39.95;0.95;-27.60;0;1
0000010179;39.90;0.90;-27.70;0;1
0000010195;39.90;0.85;-27.80;0;1
0000010227;39.90;0.85;-27.85;0;1
0000010242;39.90;0.80;-27.85;0;1
0000010258;39.85;0.75;-27.90;0;1
0000010277;39.90;0.70;-27.95;0;1
0000010292;39.95;0.65;-28.00;0;1
0000010306;39.95;0.65;-28.05;0;1
0000010322;39.90;0.60;-28.15;0;1
0000010345;39.85;0.55;-28.20;0;1
0000010353;39.85;0.55;-28.20;0;1
0000010369;39.85;0.50;-28.25;0;1
0000010391;39.80;0.50;-28.35;0;1
0000010400;39.85;0.45;-28.45;0;1
0000010416;39.85;0.40;-28.55;0;1
0000010448;39.90;0.35;-28.55;0;1
0000010463;39.95;0.30;-28.55;0;1
0000010480;39.90;0.25;-28.55;0;1
0000010495;39.90;0.20;-28.65;0;1
0000010511;39.85;0.15;-28.75;0;1
0000010529;39.80;0.10;-28.80;0;1
0000010565;39.80;0.05;-28.85;0;1
0000010575;39.80;0.00;-28.95;0;1
0000010591;39.75;-0.05;-29.00;0;1
0000010626;39.75;-0.10;-29.05;0;1
0000010638;39.75;-0.15;-29.10;0;1
0000010657;39.75;-0.25;-29.15;0;1
0000010670;39.75;-0.30;-29.20;0;1
0000010686;39.80;-0.35;-29.30;0;1
0000010701;39.85;-0.45;-29.35;0;1
0000010721;39.80;-0.50;-29.45;0;1
0000010734;39.80;-0.60;-29.50;0;1
0000010766;39.75;-0.60;-29.50;0;1
0000010784;39.80;-0.75;-29.65;0;1
0000010798;39.80;-0.80;-29.70;0;1
0000010845;39.80;-0.90;-29.75;0;1
0000010861;39.75;-1.05;-29.90;0;1
0000010893;39.80;-1.05;-30.00;0;1
0000010925;39.75;-1.20;-30.10;0;1
0000010941;39.75;-1.25;-30.10;0;1
0000010957;39.70;-1.35;-30.10;0;1
0000010990;39.70;-1.40;-30.10;0;1
0000011004;39.75;-1.50;-30.10;0;1
0000011020;39.75;-1.50;-30.20;0;1
0000011045;39.75;-1.55;-30.30;0;1
0000011063;39.75;-1.65;-30.40;0;1
0000011069;39.75;-1.70;-30.45;0;1
0000011093;39.75;-1.75;-30.55;0;1
0000011105;39.75;-1.80;-30.60;0;1
0000011121;39.75;-1.80;-30.60;0;1
0000011148;39.75;-1.85;-30.65;0;1
0000011166;39.80;-1.85;-30.75;0;1
0000011180;39.80;-1.90;-30.80;0;1
0000011196;39.80;-2.00;-30.90;0;1
0000011211;39.75;-2.10;-30.95;0;1
0000011227;39.70;-2.15;-31.00;0;1
0000011243;39.75;-2.15;-31.00;0;1
0000011259;39.70;-2.20;-31.05;0;1
0000011275;39.70;-2.25;-31.15;0;1
0000011291;39.70;-2.30;-31.15;0;1
0000011307;39.75;-2.30;-31.25;0;1
0000011323;39.80;-2.30;-31.30;0;1
0000011339;39.85;-2.40;-31.40;0;1
0000011373;39.85;-2.45;-31.45;0;1
0000011402;39.90;-2.60;-31.55;0;1
0000011423;39.90;-2.70;-31.65;0;1
0000011434;39.90;-2.75;-31.65;0;1
0000011476;39.85;-2.80;-31.75;0;1
0000011481;39.90;-2.90;-31.90;0;1
0000011497;39.95;-2.95;-31.95;0;1
0000011529;40.00;-3.05;-31.95;0;1
0000011545;39.95;-3.10;-32.10;0;1
0000011563;40.00;-3.15;-32.10;0;1
0000011600;40.00;-3.25;-32.15;0;1
0000011609;40.05;-3.30;-32.20;0;1
0000011624;40.05;-3.35;-32.25;0;1
0000011643;40.05;-3.40;-32.35;0;1
0000011659;40.05;-3.45;-32.35;0;1
0000011672;40.05;-3.45;-32.35;0;1
0000011703;40.05;-3.55;-32.40;0;1
0000011719;40.00;-3.60;-32.50;0;1
0000011742;40.00;-3.70;-32.55;0;1
0000011751;40.00;-3.80;-32.60;0;1
0000011767;39.95;-3.90;-32.70;0;1
0000011798;39.95;-3.95;-32.70;0;1
0000011830;39.95;-4.10;-32.75;0;1
0000011846;39.95;-4.15;-32.75;0;1
0000011862;39.95;-4.25;-32.75;0;1
0000011878;39.95;-4.30;-32.80;0;1
0000011894;39.90;-4.30;-32.90;0;1
0000011927;39.95;-4.40;-32.95;0;1
0000011933;40.00;-4.45;-32.95;0;1
0000011941;40.00;-4.50;-32.95;0;1
0000011963;40.05;-4.60;-32.95;0;1
0000011973;40.05;-4.60;-33.00;0;1
0000011994;40.05;-4.70;-33.05;0;1
0000012028;40.05;-4.80;-33.10;0;1
0000012036;40.10;-4.90;-33.15;0;1
0000012064;40.15;-4.95;-33.15;0;1
0000012075;40.15;-5.00;-33.15;0;1
0000012084;40.15;-5.05;-33.20;0;1
0000012132;40.15;-5.10;-33.30;0;1
0000012148;40.10;-5.10;-33.40;0;1
0000012183;40.15;-5.15;-33.45;0;1
0000012213;40.25;-5.20;-33.55;0;0
0000012219;40.25;-5.30;-33.60;0;0
0000012261;40.20;-5.35;-33.70;0;0
0000012277;40.15;-5.55;-33.75;0;0
0000012309;40.15;-5.55;-33.85;0;0
0000012325;40.10;-5.60;-33.95;0;0
0000012357;40.10;-5.65;-34.00;0;0
0000012373;40.05;-5.70;-34.05;0;0
0000012392;40.05;-5.80;-34.10;0;0
0000012407;40.00;-5.90;-34.10;0;0
0000012422;39.95;-5.95;-34.20;0;0
0000012460;39.95;-6.05;-34.25;0;0
0000012468;39.90;-6.10;-34.40;0;0
0000012488;39.90;-6.20;-34.50;0;0
0000012500;39.90;-6.30;-34.55;0;0
0000012516;39.90;-6.30;-34.60;0;0
0000012532;39.95;-6.35;-34.65;0;0
0000012548;39.95;-6.45;-34.70;0;0
0000012564;40.00;-6.50;-34.75;0;0
0000012596;40.00;-6.55;-34.85;0;0
0000012612;40.05;-6.65;-34.90;0;0
0000012628;40.00;-6.75;-34.90;0;0
0000012644;40.00;-6.85;-34.95;0;0
0000012660;40.05;-6.90;-35.00;0;0
0000012676;40.10;-6.95;-35.00;0;0
0000012692;40.15;-6.95;-35.05;0;0
0000012716;40.10;-7.00;-35.05;0;0
0000012744;40.10;-7.05;-35.10;0;0
0000012749;40.10;-7.10;-35.10;0;0
0000012769;40.10;-7.15;-35.20;0;0
0000012793;40.05;-7.25;-35.20;0;0
0000012810;40.05;-7.30;-35.25;0;0
0000012832;40.05;-7.35;-35.35;0;0
0000012850;40.00;-7.45;-35.45;0;0
0000012855;40.00;-7.55;-35.50;0;0
0000012897;39.95;-7.60;-35.50;0;0
0000012916;39.95;-7.65;-35.60;0;0
0000012931;40.00;-7.65;-35.70;0;0
0000012952;40.05;-7.75;-35.80;0;0
0000012961;40.05;-7.80;-35.85;0;0
0000012978;40.00;-7.85;-35.90;0;0
0000013000;40.00;-7.90;-35.95;0;0
0000013020;40.00;-7.95;-36.05;0;0
0000013025;39.95;-8.00;-36.05;0;0
0000013044;40.00;-8.05;-36.05;0;0
0000013058;40.00;-8.10;-36.15;0;0
0000013083;40.00;-8.20;-36.20;0;0
0000013093;40.05;-8.25;-36.30;0;0
0000013122;40.00;-8.35;-36.35;0;0
0000013126;39.95;-8.45;-36.35;0;0
0000013149;39.95;-8.50;-36.40;0;0
0000013162;39.95;-8.50;-36.50;0;0
0000013178;40.00;-8.60;-36.50;0;0
0000013213;40.00;-8.70;-36.60;0;0
0000013214;40.00;-8.75;-36.60;0;0
0000013230;40.00;-8.80;-36.65;0;0
0000013246;40.00;-8.80;-36.75;0;0
0000013265;40.05;-8.90;-36.75;0;0
0000013280;40.00;-8.90;-36.80;0;0
0000013312;40.00;-8.90;-36.85;0;0
0000013328;39.95;-8.90;-36.90;0;0
0000013336;40.00;-8.95;-36.95;0;0
0000013348;39.95;-9.05;-37.00;0;0
0000013365;40.00;-9.15;-37.00;0;0
0000013382;40.00;-9.15;-37.05;0;0
0000013401;40.00;-9.20;-37.10;0;0
0000013417;40.00;-9.25;-37.20;0;0
0000013446;39.95;-9.25;-37.30;0;0
0000013452;39.90;-9.25;-37.35;0;0
0000013484;39.95;-9.30;-37.40;0;0
0000013485;40.00;-9.35;-37.45;0;0
0000013510;40.05;-9.45;-37.50;0;0
0000013533;40.00;-9.50;-37.50;0;0
0000013538;40.05;-9.50;-37.55;0;0
0000013554;40.05;-9.55;-37.55;0;0
0000013578;40.10;-9.45;-37.55;0;0
0000013588;40.10;-9.30;-37.65;0;0
0000013610;40.10;-9.20;-37.70;0;0
0000013627;40.15;-9.00;-37.80;0;0
0000013645;40.20;-8.85;-37.80;0;0
0000013657;40.25;-8.70;-37.90;0;0
0000013677;40.30;-8.55;-37.90;0;0
0000013697;40.30;-8.40;-37.95;0;0
0000013715;40.30;-8.20;-37.95;0;0
0000013730;40.35;-8.05;-38.05;0;0
0000013742;40.35;-7.90;-38.05;0;0
0000013762;40.35;-7.80;-38.15;0;0
0000013778;40.40;-7.60;-38.25;0;0
0000013794;40.35;-7.45;-38.25;0;0
0000013812;40.30;-7.35;-38.30;0;0
0000013827;40.35;-7.25;-38.35;0;0
0000013856;40.35;-7.10;-38.40;0;0
0000013866;40.35;-6.95;-38.50;0;0
0000013878;40.30;-6.80;-38.55;0;0
0000013899;40.30;-6.65;-38.65;0;0
0000013918;40.30;-6.50;-38.65;0;0
0000013930;40.30;-6.35;-38.70;0;0
0000013947;40.35;-6.15;-38.70;0;0
0000013965;40.40;-5.95;-38.70;0;0
0000013981;40.35;-5.75;-38.75;0;0
0000014012;40.35;-5.65;-38.80;0;0
0000014016;40.40;-5.50;-38.85;0;0
0000014040;40.45;-5.40;-38.85;0;0
0000014050;40.50;-5.30;-38.85;0;0
0000014066;40.50;-5.15;-38.90;0;0
0000014104;40.45;-5.00;-38.90;0;0
0000014106;40.45;-4.85;-38.90;0;0
0000014118;40.45;-4.65;-38.95;0;0
0000014144;40.45;-4.55;-39.00;0;0
0000014160;40.45;-4.40;-39.05;0;0
0000014186;40.50;-4.25;-39.15;0;0
0000014201;40.55;-4.05;-39.20;0;0
0000014212;40.50;-3.95;-39.30;0;0
0000014233;40.45;-3.75;-39.35;0;0
0000014251;40.45;-3.55;-39.45;0;0
0000014256;40.40;-3.45;-39.50;0;0
0000014282;40.40;-3.35;-39.55;0;0
0000014299;40.45;-3.15;-39.60;0;0
0000014322;40.45;-2.95;-39.60;0;0
0000014329;40.50;-2.80;-39.70;0;0
0000014345;40.50;-2.60;-39.70;0;0
0000014355;40.55;-2.45;-39.80;0;0
0000014379;40.60;-2.35;-39.80;0;0
0000014391;40.55;-2.20;-39.90;0;0
0000014417;40.60;-2.10;-39.95;0;0
0000014428;40.55;-1.90;-40.00;0;0
0000014445;40.60;-1.75;-40.10;0;0
0000014460;40.65;-1.60;-40.15;0;0
0000014478;40.60;-1.50;-40.25;0;0
0000014495;40.55;-1.40;-40.30;0;0
0000014515;40.50;-1.25;-40.35;0;0
0000014533;40.50;-1.15;-40.45;0;0
0000014545;40.50;-1.00;-40.45;0;0
0000014565;40.55;-0.85;-40.45;0;0
0000014583;40.60;-0.65;-40.50;0;0
0000014599;40.55;-0.50;-40.50;0;0
0000014612;40.60;-0.30;-40.60;0;0
0000014629;40.65;-0.15;-40.65;0;0
0000014660;40.60;0.00;-40.65;0;0
0000014665;40.60;0.20;-40.70;0;0
0000014682;40.60;0.30;-40.70;0;0
0000014699;40.60;0.50;-40.70;0;0
0000014716;40.55;0.65;-40.75;0;0
0000014731;40.50;0.80;-40.75;0;0
0000014766;40.50;1.00;-40.85;0;0
0000014790;40.50;1.15;-40.90;0;0
0000014794;40.55;1.30;-41.00;0;0
0000014801;40.55;1.45;-41.10;0;0
0000014819;40.55;1.65;-41.15;0;0
0000014872;40.60;1.80;-41.15;0;0
0000014875;40.55;1.95;-41.20;0;0
0000014884;40.55;2.10;-41.20;0;0
0000014904;40.55;2.25;-41.30;0;0
0000014937;40.50;2.60;-41.40;0;0
0000014943;40.50;2.80;-41.50;0;0
0000014964;40.55;2.90;-41.55;0;0
0000014982;40.50;3.05;-41.65;0;0
0000015004;40.50;3.25;-41.75;0;0
0000015006;40.50;3.45;-41.85;0;0
0000015043;40.55;3.65;-41.95;0;0
0000015050;40.60;3.80;-42.05;0;0
0000015063;40.60;3.95;-42.05;0;0
0000015081;40.60;4.10;-42.10;0;0
0000015100;40.65;4.25;-42.10;0;0
0000015126;40.65;4.40;-42.15;0;0
0000015131;40.65;4.55;-42.20;0;0
0000015147;40.70;4.65;-42.20;0;0
0000015164;40.75;4.75;-42.20;0;0
0000015182;40.75;4.95;-42.25;0;0
0000015192;40.75;5.10;-42.30;0;0
0000015219;40.75;5.25;-42.35;0;0
0000015227;40.70;5.35;-42.40;0;0
0000015264;40.75;5.55;-42.50;0;0
0000015287;40.75;5.65;-42.60;0;0
0000015289;40.70;5.85;-42.70;0;0
0000015295;40.70;6.05;-42.70;0;0
0000015326;40.75;6.20;-42.75;0;0
0000015347;40.75;6.40;-42.85;0;0
0000015353;40.75;6.55;-42.90;0;0
0000015366;40.80;6.65;-42.95;0;0
0000015384;40.80;6.80;-43.05;0;0
0000015413;40.80;6.95;-43.10;0;0
0000015418;40.75;7.10;-43.20;0;0
0000015431;40.75;7.20;-43.20;0;0
0000015451;40.70;7.35;-43.20;0;0
0000015468;40.75;7.45;-43.20;0;0
0000015484;40.80;7.65;-43.30;0;0
0000015505;40.80;7.75;-43.30;0;0
0000015527;40.80;7.85;-43.35;0;0
0000015548;40.85;8.05;-43.40;0;0
0000015555;40.90;8.20;-43.45;0;0
0000015570;40.90;8.35;-43.50;0;0
0000015598;40.85;8.45;-43.60;0;0
0000015616;40.85;8.60;-43.70;0;0
0000015633;40.80;8.75;-43.75;0;0
0000015645;40.85;8.85;-43.70;0;0
0000015661;40.80;9.00;-43.70;0;0
0000015678;40.75;9.10;-43.70;0;0
0000015695;40.75;9.25;-43.75;0;0
0000015711;40.75;9.40;-43.70;0;0
0000015733;40.75;9.60;-43.70;0;0
0000015749;40.80;9.60;-43.70;0;0
0000015765;40.85;9.60;-43.75;0;0
0000015786;40.85;9.55;-43.70;0;0
0000015792;40.90;9.45;-43.70;0;0
0000015811;40.95;9.35;-43.70;0;0
0000015853;40.95;9.25;-43.75;0;0
0000015854;40.95;9.25;-43.70;0;0
0000015870;40.95;9.25;-43.70;0;0
0000015889;40.90;9.20;-43.70;0;0
0000015894;40.90;9.20;-43.75;0;0
0000015927;40.95;9.15;-43.80;0;0
0000015951;41.00;9.10;-43.85;0;0
0000015965;41.00;9.00;-43.85;0;0
0000015989;40.95;9.00;-43.85;1;0
0000015991;41.00;8.90;-43.85;1;0
0000016014;41.00;8.80;-43.85;1;0
0000016037;40.95;8.70;-43.90;1;0
0000016048;40.90;8.60;-43.85;1;0
0000016070;40.90;8.55;-43.90;1;0
0000016081;40.90;8.45;-43.90;1;0
0000016085;40.90;8.40;-43.90;1;0
0000016117;40.85;8.30;-43.95;1;0
0000016155;40.85;8.20;-43.90;1;0
0000016170;40.80;8.15;-43.95;1;0
0000016178;40.80;8.10;-43.90;1;0
0000016212;40.85;8.05;-43.90;1;1
0000016228;40.80;8.00;-43.95;1;1
0000016260;40.80;7.90;-44.00;1;1
0000016275;40.85;7.80;-44.05;1;1
0000016291;40.85;7.75;-44.05;1;1
0000016307;40.80;7.70;-44.05;1;1
0000016355;40.85;7.60;-44.05;1;1
0000016371;40.90;7.60;-44.10;1;1
0000016403;40.85;7.50;-44.00;1;1
0000016419;40.85;7.45;-43.95;1;1
0000016435;40.80;7.35;-44.00;1;1
0000016457;40.80;7.25;-44.00;1;1
0000016466;40.80;7.20;-44.00;1;1
0000016498;40.75;7.15;-44.00;1;1
0000016514;40.80;7.10;-43.95;1;1
0000016546;40.80;7.10;-43.95;1;1
0000016583;40.75;7.00;-44.00;1;1
0000016594;40.80;6.90;-44.00;1;1
0000016626;40.85;6.75;-44.05;1;1
0000016642;40.85;6.65;-44.05;1;1
0000016658;40.85;6.55;-44.05;1;1
0000016673;40.80;6.50;-44.05;1;1
0000016689;40.75;6.45;-44.10;1;1
0000016724;40.70;6.45;-44.15;1;1
0000016737;40.70;6.40;-44.20;1;1
0000016753;40.70;6.35;-44.20;1;1
0000016770;40.70;6.30;-44.25;1;1
0000016800;40.70;6.25;-44.30;1;1
0000016833;40.75;6.25;-44.25;1;1
0000016848;40.80;6.15;-44.20;1;1
0000016880;40.80;6.15;-44.15;1;1
0000016912;40.85;6.15;-44.10;1;1
0000016966;40.85;6.05;-44.15;1;1
0000016975;40.85;6.00;-44.15;1;1
0000017001;40.80;5.95;-44.10;1;1
0000017006;40.80;5.85;-44.05;1;1
0000017022;40.80;5.85;-44.10;1;1
0000017070;40.80;5.85;-44.10;1;1
0000017071;40.80;5.75;-44.10;1;1
0000017102;40.80;5.70;-44.10;1;1
0000017118;40.75;5.65;-44.15;1;1
0000017169;40.80;5.55;-44.10;1;1
0000017173;40.75;5.50;-44.15;1;1
0000017182;40.70;5.45;-44.10;1;1
0000017200;40.65;5.45;-44.10;1;1
0000017245;40.65;5.35;-44.10;1;1
0000017264;40.65;5.25;-44.05;1;1
0000017293;40.70;5.20;-44.10;1;1
0000017307;40.65;5.10;-44.15;1;1
0000017323;40.65;5.10;-44.15;1;1
0000017339;40.65;5.05;-44.20;1;1
0000017355;40.65;4.95;-44.25;1;1
0000017387;40.65;4.85;-44.30;1;1
0000017403;40.70;4.80;-44.35;1;1
0000017435;40.70;4.75;-44.35;1;1
0000017451;40.70;4.70;-44.35;1;1
0000017498;40.75;4.60;-44.40;1;1
0000017514;40.85;4.50;-44.35;1;1
0000017530;40.85;4.40;-44.35;1;1
0000017579;40.80;4.35;-44.40;1;1
0000017580;40.80;4.30;-44.35;1;1
0000017593;40.75;4.30;-44.35;1;1
0000017626;40.80;4.25;-44.30;1;1
0000017641;40.80;4.15;-44.30;1;1
0000017657;40.75;4.15;-44.30;1;1
0000017673;40.80;4.05;-44.35;1;1
0000017689;40.75;3.95;-44.40;1;1
0000017737;40.75;3.90;-44.40;1;1
0000017768;40.75;3.85;-44.45;1;1
0000017817;40.80;3.70;-44.45;1;1
0000017833;40.80;3.50;-44.35;1;1
0000017868;40.75;3.50;-44.35;1;1
0000017881;40.75;3.40;-44.30;1;1
0000017928;40.70;3.35;-44.25;1;1
0000017944;40.75;3.25;-44.25;1;1
0000017959;40.70;3.15;-44.25;1;1
0000017983;40.75;3.10;-44.30;1;1
0000018007;40.70;3.05;-44.25;1;1
0000018023;40.75;3.00;-44.25;1;1
0000018049;40.75;3.00;-44.25;1;1
0000018067;40.75;2.95;-44.20;1;1
0000018071;40.70;2.95;-44.20;1;1
0000018109;40.75;2.85;-44.15;1;1
0000018142;40.70;2.80;-44.20;1;1
0000018157;40.65;2.75;-44.20;1;1
0000018208;40.70;2.70;-44.20;1;1
0000018214;40.75;2.65;-44.20;1;1
0000018234;40.75;2.60;-44.20;1;1
0000018262;40.80;2.60;-44.20;0;1
0000018293;40.75;2.45;-44.20;0;1
0000018313;40.75;2.40;-44.15;0;1
0000018325;40.75;2.35;-44.10;0;1
0000018341;40.70;2.30;-44.10;0;1
0000018357;40.70;2.20;-44.05;0;1
0000018385;40.70;2.20;-44.10;0;1
0000018405;40.70;2.20;-44.10;0;1
0000018425;40.65;2.15;-44.15;0;1
0000018438;40.65;2.15;-44.15;0;1
0000018468;40.65;2.15;-44.10;0;1
0000018484;40.70;2.10;-44.10;0;1
0000018500;40.65;2.05;-44.05;0;0
0000018532;40.70;2.05;-44.10;0;0
0000018547;40.70;2.00;-44.05;0;0
0000018563;40.70;1.95;-44.00;0;0
0000018579;40.70;1.95;-44.00;0;0
0000018612;40.65;1.95;-43.95;0;0
0000018626;40.65;1.90;-43.95;0;0
0000018642;40.70;1.85;-43.95;0;0
0000018660;40.65;1.80;-43.95;0;0
0000018674;40.65;1.75;-44.00;0;0
0000018706;40.65;1.70;-44.00;0;0
0000018722;40.70;1.70;-44.00;0;0
0000018744;40.65;1.65;-44.05;0;0
0000018754;40.70;1.55;-44.00;0;0
0000018789;40.75;1.50;-44.00;0;0
0000018817;40.80;1.45;-44.00;0;0
0000018849;40.75;1.45;-44.00;0;0
0000018865;40.75;1.35;-44.05;0;0
0000018896;40.75;1.25;-44.05;0;0
0000018912;40.75;1.20;-44.05;0;0
0000018950;40.80;1.20;-44.05;0;0
0000018969;40.80;1.20;-44.10;0;0
0000018975;40.85;1.05;-44.05;0;0
0000019006;40.80;0.95;-44.00;0;0
0000019049;40.75;0.95;-43.95;0;0
0000019066;40.70;0.85;-44.00;0;0
0000019082;40.65;0.85;-44.05;0;0
0000019100;40.60;0.85;-44.05;0;0
0000019122;40.60;0.80;-44.05;0;0
0000019128;40.60;0.75;-44.05;0;0
0000019149;40.60;0.75;-44.05;0;0
0000019166;40.60;0.65;-44.05;0;0
0000019186;40.65;0.55;-44.05;0;0
0000019229;40.70;0.45;-44.05;0;0
0000019234;40.70;0.35;-44.00;0;0
0000019247;40.65;0.25;-43.95;0;0
0000019267;40.65;0.15;-44.00;0;0
0000019286;40.60;0.05;-44.00;0;0
0000019318;40.60;0.05;-44.05;0;0
0000019332;40.60;-0.05;-44.05;0;0
0000019350;40.55;-0.05;-44.10;0;0
0000019367;40.50;-0.15;-44.05;0;0
0000019387;40.45;-0.25;-44.10;0;0
0000019412;40.40;-0.30;-44.05;0;0
0000019428;40.40;-0.40;-44.10;0;0
0000019449;40.40;-0.50;-44.10;0;0
0000019467;40.45;-0.60;-44.10;0;0
0000019491;40.45;-0.70;-44.15;0;0
0000019512;40.50;-0.70;-44.10;0;0
0000019526;40.50;-0.70;-44.10;0;0
0000019549;40.45;-0.80;-44.15;0;0
0000019584;40.45;-0.85;-44.20;0;0
0000019594;40.50;-0.85;-44.25;0;0
0000019611;40.55;-0.85;-44.30;0;0
0000019635;40.60;-0.90;-44.30;0;0
0000019648;40.65;-1.00;-44.30;0;0
0000019667;40.65;-1.10;-44.30;0;0
0000019695;40.70;-1.10;-44.35;0;0
0000019715;40.75;-1.10;-44.40;0;0
0000019728;40.75;-1.15;-44.40;0;0
0000019749;40.70;-1.20;-44.45;0;0
0000019774;40.70;-1.25;-44.45;0;0
0000019794;40.70;-1.30;-44.40;0;0
0000019812;40.70;-1.30;-44.45;0;0
0000019850;40.70;-1.35;-44.45;0;0
0000019869;40.70;-1.40;-44.50;0;0
0000019876;40.70;-1.40;-44.55;0;0
0000019926;40.65;-1.45;-44.55;0;0
0000019927;40.65;-1.50;-44.55;0;0
0000019950;40.75;-1.65;-44.55;0;0
0000019981;40.80;-1.75;-44.50;0;0
0000019989;40.80;-1.80;-44.45;0;0
0000020038;40.80;-1.85;-44.50;0;0
0000020048;40.80;-1.90;-44.45;0;0
0000020069;40.75;-2.00;-44.55;0;0
0000020088;40.70;-2.05;-44.55;0;0
0000020115;40.70;-2.05;-44.50;0;0
0000020127;40.75;-2.05;-44.50;0;0
0000020152;40.75;-2.15;-44.50;0;0
0000020167;40.80;-2.20;-44.45;0;0
0000020188;40.80;-2.20;-44.45;0;0
0000020214;40.80;-2.30;-44.45;0;0
0000020235;40.80;-2.35;-44.45;0;0
0000020252;40.85;-2.40;-44.45;0;0
0000020268;40.80;-2.45;-44.45;0;0
0000020292;40.75;-2.50;-44.45;0;0
0000020318;40.80;-2.55;-44.45;0;0
0000020328;40.85;-2.65;-44.45;0;0
0000020353;40.85;-2.70;-44.45;0;0
0000020366;40.90;-2.70;-44.50;0;0
0000020389;40.95;-2.75;-44.55;0;0
0000020413;40.95;-2.80;-44.55;0;0
0000020451;41.00;-2.90;-44.60;0;0
0000020468;41.05;-3.05;-44.65;0;0
0000020497;41.00;-3.10;-44.65;0;0
0000020514;41.05;-3.20;-44.65;0;0
0000020532;41.00;-3.25;-44.60;0;0
0000020550;40.95;-3.25;-44.55;0;0
0000020573;41.00;-3.30;-44.50;0;0
0000020596;41.00;-3.35;-44.50;0;0
0000020617;40.95;-3.40;-44.50;0;0
0000020633;41.00;-3.50;-44.45;0;0
0000020648;41.05;-3.55;-44.40;0;0
0000020667;41.10;-3.60;-44.40;0;0
0000020687;41.10;-3.70;-44.40;0;0
0000020729;41.10;-3.80;-44.45;0;0
0000020733;41.05;-3.90;-44.50;0;0
0000020749;41.10;-4.00;-44.50;0;0
0000020781;41.10;-4.10;-44.50;0;0
0000020790;41.15;-4.15;-44.50;0;0
0000020813;41.15;-4.20;-44.45;0;0
0000020831;41.15;-4.25;-44.40;0;0
0000020852;41.20;-4.35;-44.40;0;0
0000020868;41.25;-4.45;-44.40;0;0
0000020892;41.20;-4.55;-44.40;0;0
0000020911;41.20;-4.60;-44.35;0;0
0000020928;41.20;-4.65;-44.40;0;0
0000020952;41.15;-4.75;-44.35;0;0
0000020969;41.20;-4.85;-44.30;0;0
0000021002;41.15;-4.85;-44.30;0;0
0000021016;41.15;-4.95;-44.35;0;0
0000021030;41.10;-5.00;-44.30;0;0
0000021054;41.10;-5.00;-44.25;0;0
0000021069;41.15;-5.05;-44.25;0;0
0000021091;41.20;-5.10;-44.30;0;0
0000021112;41.25;-5.15;-44.30;0;0
0000021131;41.30;-5.15;-44.30;0;0
0000021148;41.30;-5.25;-44.30;0;0
0000021169;41.25;-5.35;-44.35;0;0
0000021190;41.20;-5.35;-44.35;0;0
0000021216;41.20;-5.40;-44.30;0;0
0000021246;41.20;-5.45;-44.25;0;0
0000021250;41.20;-5.50;-44.30;0;0
0000021272;41.15;-5.55;-44.25;0;0
0000021294;41.15;-5.55;-44.20;0;0
0000021312;41.15;-5.60;-44.20;0;0
0000021329;41.15;-5.70;-44.25;0;0
0000021349;41.10;-5.75;-44.20;0;0
0000021369;41.10;-5.80;-44.15;0;0
0000021388;41.10;-5.90;-44.20;0;0
0000021417;41.05;-5.95;-44.15;0;0
0000021434;41.00;-6.05;-44.10;0;0
0000021448;41.05;-6.10;-44.10;0;0
0000021462;41.05;-6.15;-44.10;0;0
0000021480;41.00;-6.20;-44.10;0;0
0000021493;40.95;-6.30;-44.15;0;0
0000021518;41.00;-6.30;-44.10;0;0
0000021534;41.05;-6.35;-44.05;0;0
0000021541;41.00;-6.40;-44.10;0;0
0000021563;40.95;-6.50;-44.10;0;0
0000021580;40.95;-6.60;-44.05;0;0
0000021590;40.95;-6.60;-44.10;0;0
0000021613;40.90;-6.70;-44.10;0;0
0000021629;40.85;-6.70;-44.05;0;0
0000021638;40.85;-6.80;-44.05;0;0
0000021662;40.90;-6.85;-44.10;0;0
0000021669;40.95;-6.95;-44.10;0;0
0000021686;40.90;-7.00;-44.10;0;0
0000021702;40.95;-7.10;-44.10;0;0
0000021718;41.00;-7.15;-44.05;0;0
0000021733;41.00;-7.15;-44.05;0;0
0000021749;41.05;-7.20;-44.10;0;0
0000021766;41.05;-7.25;-44.05;0;0
0000021789;41.10;-7.35;-44.05;0;0
0000021796;41.15;-7.45;-44.00;0;0
0000021813;41.20;-7.50;-44.05;0;0
0000021833;41.15;-7.50;-44.10;0;0
0000021848;41.10;-7.50;-44.10;0;0
0000021862;41.15;-7.55;-44.10;0;0
0000021883;41.15;-7.55;-44.15;0;0
0000021900;41.15;-7.60;-44.15;0;0
0000021913;41.10;-7.70;-44.15;0;0
0000021929;41.05;-7.75;-44.20;0;0
0000021945;41.05;-7.75;-44.25;0;0
0000021958;41.00;-7.80;-44.25;0;0
0000021985;40.95;-7.90;-44.20;0;0
0000021996;41.00;-7.95;-44.20;0;0
0000022012;40.95;-7.95;-44.25;0;0
0000022032;40.90;-8.05;-44.30;0;0
0000022038;40.90;-8.15;-44.25;0;0
0000022054;40.95;-8.15;-44.25;0;0
0000022082;40.95;-8.15;-44.25;0;0
0000022086;40.90;-8.15;-44.25;0;0
0000022102;40.95;-8.20;-44.25;0;0
0000022124;41.00;-8.30;-44.20;0;0
0000022134;40.95;-8.40;-44.15;0;0
0000022150;40.90;-8.45;-44.20;0;0
0000022170;40.90;-8.50;-44.25;0;0
0000022182;40.85;-8.55;-44.25;0;0
0000022202;40.80;-8.55;-44.25;0;0
0000022218;40.80;-8.60;-44.25;0;0
0000022231;40.85;-8.70;-44.25;0;0
0000022247;40.85;-8.70;-44.20;0;0
0000022262;40.85;-8.75;-44.25;0;0
0000022280;40.80;-8.75;-44.25;0;0
0000022296;40.80;-8.75;-44.25;0;0
0000022317;40.80;-8.85;-44.20;0;0
0000022331;40.80;-8.95;-44.20;0;0
0000022343;40.80;-8.95;-44.25;0;0
0000022359;40.80;-9.00;-44.30;0;0
0000022381;40.75;-9.05;-44.30;0;0
0000022390;40.75;-9.10;-44.30;0;0
0000022419;40.80;-9.15;-44.30;0;0
0000022430;40.85;-9.20;-44.35;0;0
0000022443;40.90;-9.25;-44.40;0;0
0000022463;40.85;-9.25;-44.45;0;0
0000022480;40.90;-9.30;-44.50;0;0
0000022485;40.90;-9.40;-44.50;0;0
0000022503;40.85;-9.40;-44.50;0;0
0000022518;40.90;-9.45;-44.50;0;0
0000022539;40.90;-9.50;-44.45;0;0
0000022551;40.85;-9.60;-44.45;0;0
0000022564;40.90;-9.50;-44.50;0;0
0000022585;40.95;-9.45;-44.55;0;0
0000022599;40.90;-9.30;-44.50;0;0
0000022614;40.95;-9.25;-44.50;0;0
0000022645;40.95;-9.15;-44.55;0;0
0000022646;40.95;-9.10;-44.55;0;0
0000022663;41.00;-9.00;-44.50;0;0
0000022685;41.05;-8.90;-44.55;0;0
0000022697;41.00;-8.80;-44.55;0;0
0000022713;41.05;-8.70;-44.60;0;0
0000022728;41.05;-8.60;-44.55;0;0
0000022788;41.10;-8.55;-44.55;0;0
0000022798;41.10;-8.50;-44.60;0;0
0000022802;41.05;-8.40;-44.60;0;0
0000022803;41.10;-8.25;-44.60;0;0
0000022826;41.15;-8.20;-44.55;0;0
0000022835;41.15;-8.10;-44.55;0;0
0000022848;41.15;-7.95;-44.50;0;0
0000022856;41.15;-7.90;-44.55;0;0
0000022885;41.10;-7.80;-44.55;0;0
0000022904;41.05;-7.65;-44.60;0;0
0000022915;41.00;-7.55;-44.55;0;0
0000022931;41.00;-7.40;-44.50;0;0
0000022952;40.95;-7.30;-44.55;0;0
0000022953;40.95;-7.15;-44.50;0;0
0000022986;41.00;-7.10;-44.45;0;0
0000022999;41.00;-6.90;-44.50;0;0
0000023026;40.95;-6.80;-44.55;0;0
0000023031;40.95;-6.70;-44.55;0;0
0000023047;40.95;-6.55;-44.55;0;0
0000023082;40.95;-6.50;-44.60;0;0
0000023083;40.95;-6.35;-44.60;0;0
0000023095;41.00;-6.20;-44.55;0;0
0000023112;41.00;-6.10;-44.55;0;0
0000023130;41.00;-5.95;-44.50;0;0
0000023149;41.00;-5.90;-44.50;0;0
0000023163;40.95;-5.85;-44.55;0;0
0000023175;41.00;-5.70;-44.50;0;0
0000023195;41.00;-5.65;-44.45;0;0
0000023212;40.95;-5.60;-44.45;0;0
0000023224;40.95;-5.45;-44.40;0;0
0000023251;40.95;-5.40;-44.45;0;0
0000023271;41.00;-5.30;-44.50;0;0
0000023272;41.00;-5.20;-44.55;0;0
0000023307;41.05;-5.15;-44.55;0;0
0000023319;41.00;-5.00;-44.60;0;0
0000023339;41.00;-4.95;-44.55;0;0
0000023353;41.05;-4.80;-44.60;0;0
0000023368;41.00;-4.70;-44.60;0;0
0000023387;41.00;-4.65;-44.55;0;0
0000023401;41.05;-4.55;-44.60;0;0
0000023417;41.05;-4.45;-44.55;0;0
0000023434;41.05;-4.40;-44.50;0;0
0000023449;41.10;-4.35;-44.45;0;0
0000023464;41.15;-4.25;-44.45;0;0
0000023481;41.15;-4.20;-44.45;0;0
0000023496;41.15;-4.15;-44.45;0;0
0000023514;41.15;-4.10;-44.45;0;0
0000023533;41.20;-4.00;-44.45;0;0
0000023544;41.20;-3.95;-44.45;0;0
0000023561;41.15;-3.90;-44.45;0;0
0000023592;41.20;-3.85;-44.50;0;0
0000023635;41.25;-3.60;-44.55;0;0
0000023636;41.20;-3.50;-44.55;0;0
0000023640;41.15;-3.45;-44.50;0;0
0000023664;41.15;-3.30;-44.45;0;0
0000023683;41.15;-3.20;-44.45;0;0
0000023691;41.10;-3.05;-44.40;0;0
0000023704;41.05;-3.00;-44.35;0;0
0000023746;41.00;-2.90;-44.35;0;0
0000023747;41.00;-2.80;-44.35;0;0
0000023765;41.05;-2.70;-44.30;0;0
0000023768;41.05;-2.60;-44.25;0;0
0000023785;41.00;-2.50;-44.30;0;0
0000023814;40.95;-2.35;-44.35;0;0
0000023816;40.95;-2.25;-44.35;0;0
0000023833;41.00;-2.10;-44.35;0;0
0000023866;40.95;-2.00;-44.40;0;0
0000023887;40.90;-1.90;-44.45;0;0
0000023889;40.95;-1.85;-44.45;0;0
0000023898;40.95;-1.70;-44.40;0;0
0000023914;40.95;-1.65;-44.35;0;0
0000023932;41.00;-1.50;-44.40;0;0
0000023950;40.95;-1.40;-44.40;0;0
0000023970;41.00;-1.25;-44.35;0;0
0000023976;41.00;-1.20;-44.40;0;0
0000023994;41.00;-1.15;-44.45;0;0
0000024013;41.00;-1.05;-44.45;0;0
0000024024;40.95;-0.90;-44.50;0;0
0000024064;41.00;-0.85;-44.50;0;0
0000024073;41.05;-0.65;-44.50;0;0
0000024095;41.00;-0.55;-44.50;0;0
0000024113;40.95;-0.50;-44.55;0;0
0000024122;40.90;-0.45;-44.55;0;0
0000024136;40.90;-0.40;-44.50;0;0
0000024153;40.85;-0.30;-44.55;0;0
0000024169;40.85;-0.20;-44.60;0;0
0000024187;40.80;-0.15;-44.60;0;0
0000024200;40.80;-0.05;-44.60;0;0
0000024217;40.80;0.05;-44.65;0;0
0000024237;40.85;0.15;-44.65;0;0
0000024249;40.90;0.25;-44.65;0;0
0000024265;40.95;0.40;-44.70;0;0
0000024287;41.00;0.55;-44.65;0;0
0000024296;41.05;0.60;-44.70;0;0
0000024319;41.10;0.75;-44.75;0;0
0000024331;41.05;0.85;-44.70;0;0
0000024346;41.10;0.95;-44.75;0;0
0000024365;41.10;1.05;-44.75;0;0
0000024396;41.10;1.15;-44.70;0;0
0000024397;41.05;1.30;-44.75;0;0
0000024424;41.10;1.40;-44.70;0;0
0000024425;41.15;1.55;-44.70;0;0
0000024445;41.15;1.60;-44.65;0;0
0000024467;41.15;1.70;-44.60;0;0
0000024480;41.20;1.75;-44.60;0;0
0000024497;41.20;1.80;-44.55;0;0
0000024515;41.25;1.90;-44.55;0;0
0000024531;41.25;1.95;-44.55;0;0
0000024537;41.20;2.00;-44.60;0;0
0000024553;41.20;2.15;-44.55;0;0
0000024569;41.25;2.30;-44.55;0;0
0000024585;41.25;2.40;-44.55;0;0
0000024602;41.30;2.55;-44.50;0;0
0000024617;41.25;2.65;-44.50;0;0
0000024634;41.20;2.75;-44.45;0;0
0000024657;41.20;2.80;-44.50;0;0
0000024664;41.20;2.90;-44.45;0;0
0000024681;41.20;3.00;-44.45;0;0
0000024702;41.25;3.15;-44.45;0;0
0000024720;41.25;3.25;-44.45;0;0
0000024731;41.30;3.40;-44.45;0;0
0000024744;41.30;3.50;-44.45;0;0
0000024764;41.25;3.55;-44.40;0;0
0000024780;41.30;3.70;-44.40;0;0
0000024793;41.35;3.80;-44.35;0;0
0000024820;41.30;3.85;-44.35;0;0
0000024840;41.25;4.00;-44.35;0;0
0000024841;41.20;4.10;-44.40;0;0
0000024865;41.20;4.15;-44.40;0;0
0000024886;41.15;4.25;-44.40;0;0
0000024904;41.10;4.35;-44.35;0;0
0000024921;41.10;4.50;-44.35;0;0
0000024922;41.15;4.55;-44.35;0;0
0000024952;41.20;4.70;-44.30;0;0
0000024967;41.25;4.80;-44.25;0;0
0000024970;41.30;4.85;-44.25;0;0
0000024986;41.35;5.00;-44.25;0;0
0000025002;41.40;5.10;-44.20;0;0
0000025023;41.45;5.20;-44.25;0;0
0000025034;41.45;5.25;-44.30;0;0
0000025049;41.40;5.40;-44.30;0;0
0000025068;41.45;5.45;-44.25;0;0
0000025082;41.45;5.60;-44.25;0;1
0000025089;41.40;5.75;-44.25;0;1
0000025131;41.40;5.90;-44.25;0;1
0000025135;41.45;6.05;-44.25;0;1
0000025147;41.45;6.20;-44.20;0;1
0000025188;41.40;6.35;-44.25;0;1
0000025195;41.40;6.40;-44.20;0;1
0000025211;41.40;6.55;-44.25;0;1
0000025226;41.40;6.65;-44.20;0;1
0000025242;41.40;6.80;-44.25;0;1
0000025258;41.40;6.90;-44.30;0;1
0000025276;41.35;6.95;-44.35;0;1
0000025289;41.35;7.05;-44.35;0;1
0000025305;41.40;7.15;-44.35;0;1
0000025323;41.40;7.20;-44.35;0;1
0000025338;41.35;7.30;-44.30;0;1
0000025353;41.35;7.45;-44.25;0;1
0000025373;41.30;7.50;-44.25;0;1
0000025401;41.30;7.70;-44.25;0;1
0000025417;41.35;7.75;-44.25;0;1
0000025433;41.30;7.80;-44.25;0;1
0000025450;41.25;7.85;-44.30;0;1
0000025466;41.20;7.90;-44.25;0;1
0000025481;41.20;8.05;-44.30;0;1
0000025498;41.15;8.20;-44.30;0;1
0000025513;41.15;8.35;-44.25;0;1
0000025529;41.20;8.40;-44.20;0;1
0000025546;41.20;8.50;-44.20;0;1
0000025562;41.20;8.60;-44.25;0;1
0000025578;41.25;8.65;-44.25;0;1
0000025609;41.30;8.80;-44.20;0;1
0000025641;41.35;8.90;-44.20;0;1
0000025672;41.35;9.05;-44.15;0;1
0000025736;41.40;9.15;-44.15;0;1
0000025754;41.40;9.30;-44.25;0;1
0000025790;41.35;9.45;-44.30;0;1
0000025831;41.40;9.55;-44.35;0;1
0000025856;41.40;9.45;-44.35;0;1
0000025892;41.45;9.30;-44.40;0;1
0000025927;41.45;9.10;-44.35;0;1
0000025943;41.50;9.00;-44.35;0;1
0000025974;41.50;8.90;-44.40;0;1
0000026012;41.50;8.80;-44.45;0;1
0000026043;41.45;8.60;-44.40;0;1
0000026073;41.45;8.40;-44.40;0;1
0000026104;41.45;8.30;-44.35;0;1
0000026137;41.45;8.15;-44.40;0;1
0000026152;41.50;8.00;-44.40;0;1
0000026185;41.50;7.85;-44.45;0;1
0000026217;41.45;7.65;-44.50;0;1
0000026266;41.50;7.50;-44.55;0;1
0000026283;41.55;7.35;-44.60;0;1
0000026314;41.60;7.25;-44.60;0;1
0000026362;41.65;7.15;-44.60;0;1
0000026385;41.70;7.05;-44.55;0;1
0000026410;41.70;6.90;-44.55;0;1
0000026444;41.75;6.75;-44.50;0;1
0000026474;41.70;6.55;-44.50;0;1
0000026505;41.75;6.35;-44.50;0;1
0000026537;41.70;6.20;-44.55;0;1
0000026586;41.70;6.05;-44.55;0;1
0000026602;41.65;5.85;-44.55;0;1
0000026635;41.65;5.65;-44.55;0;1
0000026650;41.70;5.50;-44.60;0;1
0000026698;41.75;5.35;-44.55;0;1
0000026730;41.75;5.20;-44.60;0;1
0000026746;41.80;5.00;-44.65;0;1
0000026780;41.85;4.85;-44.60;0;1
0000026834;41.80;4.70;-44.65;0;1
0000026864;41.75;4.50;-44.65;0;1
0000026879;41.70;4.30;-44.60;0;1
0000026913;41.70;4.20;-44.65;0;1
0000026948;41.70;4.05;-44.70;0;1
0000026970;41.70;3.85;-44.70;0;1
0000027045;41.75;3.70;-44.75;0;1
0000027054;41.70;3.55;-44.70;0;1
0000027055;41.75;3.40;-44.70;0;1
0000027103;41.80;3.20;-44.70;0;1
0000027119;41.85;3.05;-44.75;0;1
0000027151;41.90;2.90;-44.80;0;1
0000027192;41.85;2.75;-44.80;0;1
0000027216;41.85;2.60;-44.85;0;1
0000027247;41.80;2.45;-44.85;0;1
0000027311;41.85;2.30;-44.90;0;1
0000027327;41.85;2.15;-44.90;0;1
0000027342;41.90;1.95;-44.85;0;1
0000027374;41.90;1.80;-44.85;0;1
0000027406;41.95;1.60;-44.85;0;1
0000027487;42.00;1.40;-44.85;1;1
0000027495;42.00;1.30;-44.85;1;1
0000027502;41.95;1.15;-44.80;1;1
0000027534;41.95;1.00;-44.80;1;1
0000027550;42.05;0.85;-44.80;1;1
0000027597;42.15;0.70;-44.75;1;1
0000027632;42.25;0.50;-44.75;1;1
0000027645;42.40;0.40;-44.75;1;1
0000027692;42.55;0.25;-44.70;1;1
0000027728;42.75;0.05;-44.70;1;1
0000027740;42.85;-0.15;-44.70;1;1
0000027772;43.05;-0.35;-44.65;1;1
0000027805;43.25;-0.45;-44.65;1;1
0000027836;43.40;-0.55;-44.65;1;1
0000027869;43.60;-0.70;-44.60;1;1
0000027900;43.80;-0.90;-44.60;1;1
0000027932;44.00;-1.00;-44.55;1;1
0000027966;44.15;-1.15;-44.50;1;1
0000027998;44.35;-1.30;-44.45;1;1
0000028028;44.50;-1.40;-44.45;1;1
0000028061;44.65;-1.60;-44.50;1;1
0000028089;44.75;-1.75;-44.45;1;1
0000028121;44.90;-1.90;-44.50;1;1
0000028170;45.10;-2.05;-44.45;1;1
0000028190;45.30;-2.20;-44.50;1;1
0000028217;45.40;-2.35;-44.45;1;1
0000028233;45.60;-2.55;-44.45;1;1
0000028281;45.75;-2.70;-44.45;1;1
0000028312;45.90;-2.80;-44.40;1;1
0000028344;46.10;-2.95;-44.40;1;1
0000028359;46.25;-3.10;-44.40;1;1
0000028403;46.35;-3.30;-44.40;1;1
0000028427;46.45;-3.50;-44.35;1;1
0000028456;46.55;-3.60;-44.35;1;1
0000028487;46.75;-3.80;-44.35;1;1
0000028525;46.90;-4.00;-44.35;1;1
0000028616;47.00;-4.20;-44.35;1;1
0000028632;47.10;-4.30;-44.40;1;1
0000028669;47.45;-4.50;-44.45;1;1
0000028680;47.65;-4.70;-44.40;1;1
0000028711;47.75;-4.90;-44.45;1;1
0000028743;47.90;-5.05;-44.45;1;1
0000028774;48.10;-5.15;-44.40;1;1
0000028806;48.20;-5.35;-44.40;1;1
0000028823;48.40;-5.55;-44.45;1;1
0000028870;48.50;-5.70;-44.45;1;1
0000028886;48.65;-5.90;-44.45;1;1
0000028918;48.80;-6.00;-44.50;1;1
0000028955;48.95;-6.15;-44.55;1;1
0000028997;49.10;-6.25;-44.60;1;0
0000029013;49.25;-6.40;-44.65;1;0
0000029057;49.45;-6.55;-44.65;1;0
0000029099;49.60;-6.65;-44.60;1;0
0000029105;49.75;-6.85;-44.65;1;0
0000029137;49.90;-7.05;-44.70;1;0
0000029169;50.10;-7.15;-44.65;1;0
0000029201;50.25;-7.30;-44.65;1;0
0000029237;50.35;-7.45;-44.70;1;0
0000029266;50.50;-7.55;-44.70;1;0
0000029314;50.60;-7.70;-44.65;1;0
0000029333;50.75;-7.80;-44.65;1;0
0000029365;50.95;-7.90;-44.60;1;0
0000029397;51.15;-8.05;-44.65;1;0
0000029427;51.35;-8.25;-44.60;1;0
0000029475;51.55;-8.45;-44.60;1;0
0000029507;51.75;-8.55;-44.55;1;0
0000029523;51.95;-8.65;-44.50;1;0
0000029539;52.10;-8.80;-44.45;1;0
0000029573;52.30;-8.95;-44.40;1;0
0000029606;52.50;-9.15;-44.35;1;0
0000029635;52.65;-9.35;-44.35;1;0
0000029667;52.75;-9.45;-44.40;1;0
0000029700;52.90;-9.65;-44.40;1;0
0000029747;53.05;-9.60;-44.40;1;0
0000029763;53.20;-9.50;-44.40;1;0
0000029797;53.40;-9.40;-44.40;1;0
0000029827;53.55;-9.40;-44.35;1;0
0000029866;53.75;-9.40;-44.30;1;0
0000029891;53.90;-9.35;-44.35;1;0
0000029923;54.10;-9.35;-44.35;1;0
0000029970;54.30;-9.30;-44.30;1;0
0000029986;54.45;-9.20;-44.30;1;0
0000030017;54.60;-9.20;-44.25;1;0
0000030054;54.80;-9.10;-44.20;1;0
0000030072;54.95;-9.10;-44.20;1;0
0000030104;55.15;-9.00;-44.15;1;0
0000030136;55.25;-9.00;-44.15;1;0
0000030168;55.45;-8.95;-44.15;1;0
0000030216;55.60;-8.85;-44.15;1;0
0000030232;55.80;-8.75;-44.20;1;0
0000030264;56.00;-8.70;-44.20;1;0
0000030303;56.15;-8.70;-44.20;1;0
0000030328;56.35;-8.65;-44.20;1;0
0000030364;56.55;-8.55;-44.15;1;0
0000030413;56.70;-8.50;-44.10;1;0
0000030423;56.80;-8.45;-44.10;1;0
0000030440;57.00;-8.35;-44.10;1;0
0000030471;57.15;-8.30;-44.05;1;0
0000030503;57.30;-8.20;-44.00;1;0
0000030535;57.45;-8.20;-43.95;1;0
0000030568;57.65;-8.15;-44.00;1;0
0000030648;57.75;-8.15;-43.95;1;0
0000030664;57.95;-8.10;-43.95;1;0
0000030697;58.25;-8.00;-43.85;1;0
0000030734;58.45;-7.95;-43.90;1;0
0000030759;58.55;-7.85;-43.90;1;0
0000030793;58.75;-7.75;-43.85;1;0
0000030825;58.95;-7.65;-43.90;1;0
0000030887;59.15;-7.60;-43.95;1;0
0000030902;59.35;-7.50;-43.95;1;0
0000030934;59.50;-7.45;-44.00;1;0
0000030950;59.60;-7.45;-43.95;1;0
0000030982;59.75;-7.40;-43.90;1;0
0000031013;59.95;-7.35;-43.95;1;0
0000031043;60.10;-7.30;-43.90;1;0
0000031074;60.25;-7.20;-43.95;1;0
0000031105;60.45;-7.20;-43.95;1;0
0000031137;60.55;-7.20;-43.90;1;0
0000031202;60.75;-7.10;-43.90;1;0
0000031217;60.90;-7.10;-43.85;1;0
0000031233;61.10;-7.10;-43.90;1;0
0000031266;61.20;-7.10;-43.85;1;0
0000031297;61.40;-7.05;-43.85;1;0
0000031314;61.55;-7.00;-43.85;1;0
0000031345;61.75;-7.00;-43.85;1;0
0000031376;61.90;-7.00;-43.85;1;0
0000031408;62.10;-6.90;-43.90;1;0
0000031455;62.25;-6.85;-43.90;1;0
0000031487;62.45;-6.75;-43.90;1;0
0000031503;62.55;-6.70;-43.95;1;0
0000031540;62.75;-6.65;-43.90;1;0
0000031568;62.95;-6.65;-43.85;1;0
0000031599;63.10;-6.60;-43.90;1;0
0000031631;63.05;-6.55;-43.90;1;0
0000031648;63.00;-6.55;-43.90;1;0
0000031686;63.00;-6.50;-43.95;1;0
0000031714;63.00;-6.50;-43.90;1;0
0000031739;63.00;-6.45;-43.95;1;0
0000031776;62.90;-6.45;-43.90;1;0
0000031807;62.80;-6.45;-43.95;1;0
0000031839;62.80;-6.45;-43.95;1;0
0000031871;62.75;-6.30;-44.00;1;0
0000031919;62.70;-6.25;-44.00;1;0
0000031935;62.60;-6.25;-44.00;1;0
0000031966;62.60;-6.20;-44.05;1;0
0000032014;62.55;-6.20;-44.10;1;0
0000032049;62.40;-6.20;-44.10;1;0
0000032073;62.40;-6.15;-44.05;1;0
0000032105;62.40;-6.10;-44.10;1;0
0000032121;62.35;-6.00;-44.15;1;0
0000032153;62.35;-6.00;-44.15;1;0
0000032185;62.30;-5.95;-44.20;1;0
0000032217;62.20;-5.95;-44.20;1;0
0000032249;62.10;-5.90;-44.20;1;0
0000032297;62.05;-5.85;-44.20;1;0
0000032328;62.00;-5.70;-44.15;1;0
0000032359;61.95;-5.70;-44.10;1;0
0000032382;61.95;-5.65;-44.10;1;0
0000032407;61.85;-5.65;-44.05;1;0
0000032439;61.75;-5.55;-44.10;0;0
0000032456;61.70;-5.45;-44.10;0;0
0000032503;61.65;-5.40;-44.10;0;0
0000032521;61.55;-5.40;-44.15;0;0
0000032551;61.55;-5.40;-44.20;0;0
0000032583;61.50;-5.35;-44.25;0;0
0000032599;61.45;-5.35;-44.25;0;0
0000032639;61.45;-5.35;-44.25;0;0
0000032662;61.40;-5.30;-44.25;0;0
0000032704;61.40;-5.25;-44.20;0;0
0000032711;61.30;-5.20;-44.25;0;0
0000032742;61.25;-5.20;-44.20;0;0
0000032773;61.20;-5.20;-44.15;0;0
0000032825;61.20;-5.15;-44.15;0;0
0000032831;61.15;-5.10;-44.15;0;0
0000032870;61.10;-5.00;-44.20;0;0
0000032886;61.10;-4.90;-44.25;0;0
0000032934;61.05;-4.90;-44.25;0;0
0000032951;61.00;-4.80;-44.20;0;0
0000032985;60.90;-4.70;-44.15;0;0
0000033006;60.85;-4.65;-44.10;0;0
0000033040;60.85;-4.60;-44.15;0;0
0000033059;60.80;-4.60;-44.10;0;0
0000033089;60.75;-4.55;-44.10;0;0
0000033117;60.75;-4.55;-44.15;0;0
0000033149;60.70;-4.50;-44.15;0;0
0000033172;60.65;-4.45;-44.15;0;0
0000033200;60.60;-4.45;-44.15;0;0
0000033228;60.50;-4.40;-44.15;0;0
0000033256;60.45;-4.30;-44.20;0;0
0000033283;60.45;-4.20;-44.25;0;0
0000033319;60.35;-4.15;-44.25;0;0
0000033340;60.30;-4.05;-44.20;0;0
0000033367;60.25;-4.00;-44.25;0;0
0000033397;60.25;-3.95;-44.25;0;0
0000033423;60.20;-3.90;-44.30;0;0
0000033452;60.15;-3.90;-44.30;0;0
0000033480;60.10;-3.90;-44.35;0;0
0000033516;60.10;-3.85;-44.40;0;0
0000033537;60.00;-3.75;-44.40;0;0
0000033570;59.95;-3.75;-44.40;0;0
0000033591;59.90;-3.70;-44.40;0;0
0000033621;59.85;-3.60;-44.45;0;0
0000033649;59.75;-3.60;-44.40;0;0
0000033678;59.75;-3.55;-44.45;0;0
0000033704;59.70;-3.50;-44.40;0;0
0000033732;59.70;-3.40;-44.40;0;0
0000033761;59.65;-3.35;-44.45;0;0
0000033800;59.60;-3.30;-44.45;0;0
0000033817;59.50;-3.30;-44.45;0;0
0000033845;59.45;-3.30;-44.45;0;0
0000033874;59.35;-3.30;-44.40;0;0
0000033901;59.30;-3.25;-44.40;0;0
0000033932;59.30;-3.25;-44.35;0;0
0000033957;59.30;-3.15;-44.30;0;0
0000033991;59.25;-3.10;-44.30;0;0
0000034015;59.25;-3.00;-44.30;0;0
0000034041;59.20;-3.00;-44.35;0;0
0000034072;59.20;-2.95;-44.40;0;0
0000034097;59.15;-2.95;-44.35;0;0
0000034131;59.15;-2.90;-44.30;0;0
0000034153;59.05;-2.85;-44.35;0;0
0000034182;59.05;-2.80;-44.40;0;0
0000034219;59.05;-2.75;-44.40;0;0
0000034236;59.00;-2.75;-44.45;0;0
0000034267;58.95;-2.65;-44.40;0;0
0000034294;58.95;-2.60;-44.35;0;0
0000034320;58.90;-2.60;-44.35;0;0
0000034351;58.85;-2.60;-44.30;0;0
0000034378;58.80;-2.60;-44.35;0;0
0000034406;58.75;-2.60;-44.30;0;0
0000034434;58.65;-2.55;-44.35;0;0
0000034465;58.55;-2.50;-44.35;0;0
0000034495;58.55;-2.50;-44.40;0;0
0000034518;58.55;-2.50;-44.45;0;0
0000034547;58.50;-2.40;-44.45;0;0
0000034573;58.45;-2.35;-44.45;0;0
0000034603;58.40;-2.35;-44.45;0;0
0000034646;58.35;-2.30;-44.40;0;0
0000034680;58.30;-2.25;-44.40;0;0
0000034686;58.25;-2.15;-44.45;0;0
0000034715;58.20;-2.15;-44.45;0;0
0000034743;58.15;-2.05;-44.45;0;0
0000034785;58.15;-2.05;-44.45;0;0
0000034797;58.15;-2.00;-44.45;0;0
0000034849;58.10;-1.95;-44.50;0;0
0000034856;58.10;-1.85;-44.45;0;0
0000034882;58.05;-1.75;-44.45;0;0
0000034922;58.05;-1.65;-44.45;0;0
0000034941;58.00;-1.65;-44.45;0;0
0000034965;58.00;-1.60;-44.45;0;0
0000034993;58.00;-1.50;-44.40;0;0
0000035035;57.95;-1.45;-44.45;0;0
0000035055;57.90;-1.40;-44.50;0;0
0000035078;57.85;-1.40;-44.55;0;0
0000035115;57.85;-1.35;-44.55;0;0
0000035135;57.80;-1.35;-44.50;0;0
0000035167;57.75;-1.35;-44.55;0;0
0000035194;57.70;-1.30;-44.60;0;0
0000035218;57.65;-1.30;-44.60;0;0
0000035247;57.60;-1.25;-44.65;0;0
0000035273;57.50;-1.20;-44.70;0;0
0000035302;57.40;-1.15;-44.80;0;0
0000035333;57.30;-1.10;-44.90;0;0
0000035357;57.25;-1.05;-45.00;0;0
0000035387;57.20;-0.95;-45.05;0;0
0000035417;57.10;-0.95;-45.10;0;0
0000035451;57.05;-0.85;-45.20;0;0
0000035476;56.95;-0.80;-45.30;0;0
0000035500;56.85;-0.75;-45.35;0;0
0000035529;56.80;-0.75;-45.40;0;0
0000035554;56.75;-0.65;-45.50;0;0
0000035584;56.65;-0.65;-45.55;0;0
0000035619;56.65;-0.60;-45.55;0;0
0000035639;56.60;-0.60;-45.55;0;0
0000035668;56.60;-0.55;-45.55;0;0
0000035693;56.60;-0.50;-45.60;0;0
0000035780;56.60;-0.50;-45.70;0;0
0000035794;56.60;-0.45;-45.80;0;0
0000035819;56.55;-0.30;-45.90;0;0
0000035840;56.55;-0.25;-45.95;0;0
0000035888;56.50;-0.15;-46.00;0;0
0000035899;56.50;-0.15;-46.05;0;0
0000035920;56.45;-0.15;-46.15;0;0
0000035952;56.35;-0.15;-46.20;0;0
0000035978;56.25;-0.05;-46.20;0;0
0000036005;56.15;-0.05;-46.25;0;0
0000036031;56.10;-0.05;-46.30;0;0
0000036059;56.05;0.05;-46.35;0;0
0000036099;56.00;0.15;-46.40;0;0
0000036116;56.00;0.25;-46.50;0;0
0000036160;55.90;0.35;-46.50;0;0
0000036171;55.90;0.35;-46.55;0;0
0000036198;55.80;0.35;-46.60;0;0
0000036232;55.75;0.40;-46.70;0;0
0000036264;55.70;0.50;-46.75;0;0
0000036284;55.65;0.55;-46.80;1;1
0000036306;55.60;0.55;-46.80;1;1
0000036336;55.55;0.65;-46.80;1;1
0000036368;55.50;0.70;-46.90;1;1
0000036385;55.50;0.70;-47.00;1;1
0000036432;55.45;0.75;-47.05;1;1
0000036447;55.40;0.80;-47.05;1;1
0000036479;55.35;0.85;-47.10;1;1
0000036511;55.30;0.85;-47.15;1;1
0000036543;55.20;0.90;-47.15;1;1
0000036559;55.15;0.95;-47.20;1;1
0000036591;55.10;1.05;-47.20;1;1
0000036610;55.10;1.10;-47.20;1;1
0000036640;55.05;1.10;-47.20;1;1
0000036676;55.00;1.20;-47.25;1;1
0000036689;54.90;1.25;-47.30;1;1
0000036721;54.85;1.25;-47.30;1;1
0000036737;54.75;1.30;-47.40;1;1
0000036769;54.70;1.30;-47.40;1;1
0000036785;54.65;1.35;-47.50;1;1
0000036817;54.65;1.35;-47.55;1;1
0000036833;54.60;1.40;-47.55;1;1
0000036848;54.55;1.50;-47.65;1;1
0000036864;54.45;1.55;-47.65;1;1
0000036896;54.35;1.65;-47.70;1;1
0000036912;54.30;1.70;-47.80;1;1
0000036936;54.25;1.75;-47.90;1;1
0000036952;54.20;1.75;-47.95;1;1
0000036991;54.15;1.85;-48.05;1;1
0000037007;54.00;1.95;-48.10;1;1
0000037044;53.95;2.05;-48.20;1;1
0000037051;53.90;2.10;-48.25;1;1
0000037075;53.85;2.15;-48.30;1;1
0000037091;53.80;2.20;-48.40;1;1
0000037107;53.80;2.25;-48.45;1;1
0000037123;53.80;2.25;-48.50;1;1
0000037141;53.70;2.25;-48.55;1;1
0000037186;53.70;2.30;-48.55;1;1
0000037202;53.55;2.35;-48.65;1;1
0000037234;53.55;2.35;-48.65;1;1
0000037250;53.45;2.40;-48.70;1;1
0000037270;53.45;2.40;-48.75;1;1
0000037293;53.40;2.45;-48.75;1;1
0000037314;53.35;2.50;-48.85;1;1
0000037329;53.30;2.50;-48.95;1;1
0000037345;53.30;2.55;-49.00;1;1
0000037377;53.30;2.55;-49.05;1;1
0000037392;53.20;2.60;-49.10;1;1
0000037424;53.10;2.70;-49.20;1;1
0000037431;53.05;2.75;-49.20;1;1
0000037440;53.05;2.80;-49.25;1;1
0000037471;53.00;2.90;-49.25;1;1
0000037487;53.00;2.90;-49.35;1;1
0000037519;53.00;3.00;-49.45;1;1
0000037550;52.90;3.10;-49.55;1;1
0000037566;52.70;3.25;-49.70;1;1
0000037582;52.70;3.35;-49.70;1;1
0000037614;52.70;3.40;-49.75;1;1
0000037630;52.60;3.50;-49.80;1;1
0000037647;52.60;3.50;-49.85;1;1
0000037670;52.60;3.55;-49.90;1;1
0000037677;52.55;3.60;-49.90;1;1
0000037709;52.45;3.70;-50.00;1;1
0000037725;52.40;3.80;-50.10;1;1
0000037757;52.35;3.85;-50.15;1;1
0000037773;52.25;3.95;-50.25;1;1
0000037789;52.20;4.00;-50.35;1;1
0000037806;52.10;4.05;-50.40;1;0
0000037853;52.05;4.10;-50.45;1;0
0000037869;52.00;4.15;-50.65;1;0
0000037901;51.95;4.20;-50.70;1;0
0000037917;51.85;4.30;-50.80;1;0
0000037936;51.80;4.35;-50.90;1;0
0000037961;51.70;4.35;-50.95;1;0
0000037964;51.70;4.35;-50.95;1;0
0000037996;51.65;4.40;-51.05;1;0
0000038012;51.60;4.45;-51.15;1;0
0000038034;51.50;4.45;-51.15;1;0
0000038054;51.40;4.55;-51.25;1;0
0000038076;51.40;4.60;-51.30;1;0
0000038092;51.35;4.65;-51.35;1;0
0000038108;51.35;4.65;-51.40;1;0
0000038124;51.25;4.70;-51.50;1;0
0000038140;51.25;4.75;-51.60;1;0
0000038187;51.20;4.75;-51.65;1;0
0000038204;51.05;4.85;-51.75;1;0
0000038252;50.95;4.90;-51.80;1;0
0000038268;50.90;4.95;-51.85;1;0
0000038284;50.90;5.00;-51.90;1;0
0000038300;50.75;5.15;-52.10;1;0
0000038331;50.70;5.25;-52.10;1;0
0000038347;50.60;5.35;-52.20;1;0
0000038379;50.50;5.40;-52.25;1;0
0000038395;50.40;5.50;-52.30;1;0
0000038427;50.35;5.55;-52.40;1;0
0000038432;50.35;5.60;-52.40;1;0
0000038443;50.30;5.60;-52.50;1;0
0000038475;50.20;5.65;-52.55;1;0
0000038490;50.15;5.70;-52.65;1;0
0000038530;50.15;5.75;-52.75;1;0
0000038570;50.15;5.80;-52.75;1;0
0000038586;50.15;5.85;-52.80;1;0
0000038602;50.10;6.00;-52.90;1;0
0000038634;50.05;6.00;-53.00;1;0
0000038656;49.95;6.05;-53.00;1;0
0000038665;49.85;6.10;-53.05;1;0
0000038684;49.75;6.15;-53.05;1;0
0000038714;49.70;6.20;-53.15;1;0
0000038730;49.65;6.30;-53.20;1;0
0000038746;49.60;6.30;-53.25;1;0
0000038762;49.50;6.35;-53.35;1;0
0000038794;49.45;6.35;-53.40;1;0
0000038810;49.35;6.40;-53.50;1;0
0000038826;49.35;6.45;-53.55;1;0
0000038842;49.25;6.45;-53.60;1;0
0000038873;49.25;6.50;-53.70;1;0
0000038917;49.20;6.55;-53.70;1;0
0000038922;49.10;6.65;-53.75;1;0
0000038940;49.05;6.65;-53.80;1;0
0000038952;49.05;6.75;-53.90;1;0
0000038968;49.05;6.80;-54.00;1;0
0000039000;49.00;6.85;-54.10;1;0
0000039016;48.95;6.90;-54.15;1;0
0000039053;48.90;7.00;-54.20;1;0
0000039054;48.80;7.00;-54.30;1;0
0000039075;48.80;7.05;-54.30;1;0
0000039097;48.75;7.10;-54.30;1;0
0000039107;48.65;7.15;-54.35;1;0
0000039125;48.65;7.25;-54.40;1;0
0000039155;48.60;7.25;-54.45;1;0
0000039172;48.55;7.35;-54.50;1;0
0000039192;48.55;7.40;-54.60;1;0
0000039203;48.45;7.50;-54.60;1;0
0000039219;48.35;7.50;-54.60;1;0
0000039250;48.35;7.60;-54.65;1;0
0000039283;48.25;7.65;-54.70;1;0
0000039299;48.15;7.75;-54.75;1;0
0000039330;48.05;7.80;-54.85;1;0
0000039346;47.90;7.95;-54.90;1;0
0000039388;47.85;8.05;-54.95;1;0
0000039394;47.80;8.10;-54.95;1;0
0000039414;47.75;8.15;-55.00;1;0
0000039429;47.70;8.15;-55.05;1;0
0000039442;47.60;8.25;-55.10;1;0
0000039474;47.55;8.25;-55.15;1;0
0000039490;47.55;8.35;-55.20;1;0
0000039506;47.45;8.40;-55.20;1;0
0000039522;47.40;8.50;-55.25;1;0
0000039585;47.35;8.50;-55.35;1;0
0000039611;47.30;8.50;-55.45;1;0
0000039616;47.30;8.60;-55.50;1;0
0000039632;47.25;8.65;-55.55;1;0
0000039647;47.15;8.70;-55.55;1;0
0000039667;47.10;8.75;-55.60;1;0
0000039699;47.05;8.85;-55.65;1;0
0000039710;46.95;8.95;-55.70;1;0
0000039742;46.90;9.00;-55.75;1;0
0000039759;46.80;9.10;-55.80;1;0
0000039774;46.80;9.15;-55.80;1;0
0000039808;46.80;9.20;-55.90;1;0
0000039853;46.70;9.30;-56.00;1;0
0000039869;46.65;9.35;-56.05;1;0
0000039901;46.60;9.50;-56.20;1;0
0000039916;46.55;9.55;-56.25;1;0
0000039948;46.55;9.55;-56.30;1;0
0000039984;46.50;9.50;-56.30;1;0
0000040003;46.40;9.45;-56.35;1;0
0000040011;46.30;9.45;-56.45;1;0
0000040052;46.25;9.40;-56.45;1;0
0000040063;46.20;9.40;-56.45;1;0
0000040076;46.15;9.35;-56.55;1;0
0000040124;46.10;9.25;-56.60;1;0
0000040156;46.05;9.10;-56.75;1;0
0000040188;45.95;9.05;-56.85;1;0
0000040226;45.80;8.95;-57.00;1;0
0000040252;45.75;8.90;-57.10;1;0
0000040271;45.70;8.85;-57.15;1;0
0000040284;45.60;8.80;-57.20;1;0
0000040316;45.50;8.75;-57.30;1;0
0000040332;45.45;8.70;-57.30;1;0
0000040364;45.45;8.65;-57.35;1;0
0000040379;45.45;8.55;-57.40;1;0
0000040411;45.40;8.45;-57.40;1;0
0000040427;45.35;8.40;-57.45;1;0
0000040454;45.35;8.40;-57.55;1;0
0000040477;45.25;8.40;-57.60;1;0
0000040492;45.15;8.35;-57.65;1;0
0000040524;45.15;8.35;-57.70;1;0
0000040540;45.05;8.25;-57.75;1;0
0000040556;44.95;8.20;-57.85;1;0
0000040604;44.90;8.10;-57.90;1;0
0000040608;44.85;8.10;-58.00;1;0
0000040636;44.85;8.10;-58.00;1;0
0000040658;44.80;8.10;-58.00;1;0
0000040685;44.80;8.05;-58.00;1;0
0000040717;44.80;8.00;-58.00;1;0
0000040733;44.75;7.90;-58.05;1;0
0000040749;44.75;7.85;-58.05;1;0
0000040765;44.75;7.75;-58.10;1;0
0000040857;44.70;7.65;-58.20;1;0
0000040860;44.70;7.60;-58.25;1;0
0000040894;44.55;7.45;-58.50;1;0
0000040920;44.50;7.45;-58.50;1;0
0000040924;44.50;7.40;-58.50;1;0
0000040956;44.40;7.35;-58.55;1;0
0000040986;44.40;7.30;-58.65;1;0
0000041003;44.35;7.30;-58.70;1;0
0000041035;44.35;7.25;-58.70;1;0
0000041061;44.30;7.20;-58.70;1;0
0000041076;44.30;7.15;-58.75;1;0
0000041092;44.25;7.05;-58.80;1;0
0000041109;44.20;7.05;-58.85;1;0
0000041141;44.10;7.00;-58.90;1;0
0000041173;44.05;6.95;-59.00;1;0
0000041193;44.00;6.85;-59.10;1;0
0000041206;44.00;6.75;-59.20;1;0
0000041236;43.90;6.75;-59.25;1;0
0000041252;43.85;6.65;-59.35;1;0
0000041284;43.80;6.55;-59.40;0;0
0000041301;43.80;6.50;-59.45;0;0
0000041331;43.70;6.45;-59.45;0;0
0000041347;43.65;6.45;-59.50;0;0
0000041363;43.60;6.40;-59.55;0;0
0000041394;43.50;6.35;-59.55;0;0
0000041410;43.40;6.30;-59.65;0;0
0000041478;43.40;6.20;-59.65;0;0
0000041490;43.35;6.10;-59.80;0;0
0000041506;43.30;6.00;-59.80;0;0
0000041538;43.30;5.90;-59.80;0;0
0000041554;43.30;5.85;-59.80;0;0
0000041637;43.20;5.80;-59.85;0;0
0000041650;43.15;5.80;-59.85;0;0
0000041666;43.05;5.70;-59.85;0;0
0000041682;43.00;5.60;-59.90;0;0
0000041697;42.95;5.55;-59.95;0;0
0000041722;42.85;5.50;-60.05;0;0
0000041746;42.80;5.40;-60.10;0;0
0000041762;42.75;5.35;-60.10;0;0
0000041778;42.75;5.35;-60.10;0;0
0000041818;42.65;5.25;-60.20;0;0
0000041838;42.60;5.20;-60.25;0;0
0000041865;42.50;5.15;-60.30;0;0
0000041886;42.45;5.10;-60.30;0;0
0000041908;42.35;5.05;-60.35;0;0
0000041931;42.25;5.05;-60.40;0;0
0000041953;42.20;5.05;-60.45;0;0
0000041977;42.20;4.95;-60.45;0;0
0000042000;42.20;4.95;-60.50;0;0
0000042051;42.10;4.85;-60.55;0;0
0000042056;42.00;4.75;-60.65;0;0
0000042069;41.90;4.75;-60.70;0;0
0000042092;41.80;4.70;-60.75;0;0
0000042118;41.70;4.65;-60.80;0;0
0000042138;41.65;4.65;-60.80;0;0
0000042162;41.65;4.55;-60.85;0;0
0000042184;41.60;4.55;-60.85;0;0
0000042218;41.60;4.55;-60.90;0;0
0000042263;41.50;4.55;-60.90;0;0
0000042269;41.50;4.50;-61.00;0;0
0000042285;41.50;4.40;-61.00;0;0
0000042298;41.40;4.30;-61.10;0;0
0000042377;41.35;4.25;-61.20;0;0
0000042382;41.30;4.20;-61.25;0;0
0000042384;41.20;4.10;-61.30;0;0
0000042390;41.10;4.05;-61.40;0;0
0000042421;41.10;4.05;-61.45;0;0
0000042437;41.05;4.05;-61.50;0;0
0000042466;41.05;4.00;-61.50;0;0
0000042484;41.00;3.95;-61.50;0;0
0000042518;40.90;3.90;-61.50;0;0
0000042535;40.85;3.85;-61.60;0;0
0000042558;40.80;3.80;-61.65;0;0
0000042576;40.80;3.75;-61.65;0;0
0000042603;40.75;3.70;-61.65;0;0
0000042621;40.65;3.60;-61.65;0;0
0000042646;40.65;3.55;-61.70;0;0
0000042668;40.65;3.55;-61.80;0;0
0000042694;40.65;3.55;-61.80;0;0
0000042718;40.55;3.55;-61.85;0;0
0000042740;40.55;3.50;-61.85;0;0
0000042760;40.45;3.40;-61.95;0;0
0000042781;40.40;3.30;-61.95;0;0
0000042829;40.30;3.20;-62.00;0;0
0000042835;40.30;3.15;-62.00;0;0
0000042853;40.25;3.10;-62.05;0;0
0000042875;40.25;3.05;-62.15;0;0
0000042899;40.20;3.00;-62.15;0;0
0000042921;40.15;2.95;-62.20;0;0
0000042948;40.10;2.90;-62.25;0;0
0000042979;40.10;2.85;-62.25;0;0
0000042985;40.10;2.85;-62.30;0;0
0000043005;40.05;2.85;-62.30;0;0
0000043036;40.05;2.85;-62.40;0;1
0000043055;40.00;2.80;-62.50;0;1
0000043060;39.95;2.75;-62.55;0;1
0000043076;39.90;2.65;-62.55;0;1
0000043093;39.80;2.60;-62.55;0;1
0000043109;39.80;2.55;-62.60;0;1
0000043125;39.70;2.50;-62.60;0;1
0000043141;39.65;2.40;-62.60;0;1
0000043191;39.55;2.35;-62.65;0;1
0000043205;39.50;2.25;-62.75;0;1
0000043221;39.50;2.25;-62.75;0;1
0000043225;39.45;2.20;-62.80;0;1
0000043253;39.35;2.15;-62.85;0;1
0000043270;39.30;2.15;-62.95;0;1
0000043285;39.25;2.10;-63.00;0;1
0000043302;39.20;2.05;-63.00;0;1
0000043333;39.10;1.95;-63.00;0;1
0000043342;39.10;1.90;-63.05;0;1
0000043366;39.05;1.80;-63.10;0;1
0000043398;38.95;1.75;-63.10;0;1
0000043445;38.85;1.60;-63.20;0;1
0000043461;38.85;1.60;-63.25;0;1
0000043464;38.80;1.50;-63.30;0;1
0000043484;38.75;1.45;-63.40;0;1
0000043492;38.75;1.40;-63.45;0;1
0000043524;38.65;1.35;-63.45;0;1
0000043556;38.55;1.20;-63.55;0;1
0000043572;38.45;1.20;-63.65;0;1
0000043591;38.35;1.20;-63.65;0;1
0000043608;38.30;1.10;-63.70;0;1
0000043636;38.25;1.10;-63.75;0;1
0000043668;38.25;1.10;-63.75;0;1
0000043685;38.20;1.05;-63.90;0;1
0000043716;38.15;1.05;-63.95;0;1
0000043732;37.95;0.90;-64.05;0;1
0000043764;37.90;0.85;-64.10;0;1
0000043780;37.85;0.75;-64.10;0;1
0000043796;37.75;0.75;-64.15;0;1
0000043828;37.70;0.75;-64.15;0;1
0000043880;37.70;0.70;-64.20;0;1
0000043892;37.55;0.60;-64.40;0;1
0000043907;37.45;0.55;-64.45;0;1
0000043939;37.45;0.50;-64.55;0;1
0000043955;37.45;0.40;-64.60;0;1
0000043988;37.35;0.35;-64.60;0;1
0000044002;37.25;0.30;-64.70;0;1
0000044036;37.15;0.30;-64.70;0;1
0000044040;37.05;0.30;-64.70;0;1
0000044054;37.00;0.25;-64.80;0;1
0000044060;36.95;0.20;-64.90;0;1
0000044107;36.95;0.15;-64.95;0;1
0000044132;36.90;0.05;-65.10;0;1
0000044139;36.85;-0.05;-65.20;0;1
0000044155;36.80;-0.05;-65.25;0;1
0000044188;36.75;-0.10;-65.30;0;1
0000044220;36.75;-0.20;-65.40;0;1
0000044235;36.60;-0.40;-65.45;0;1
0000044268;36.50;-0.50;-65.50;0;1
0000044284;36.40;-0.50;-65.55;0;1
0000044300;36.40;-0.50;-65.65;0;1
0000044332;36.35;-0.55;-65.75;0;1
0000044350;36.30;-0.70;-65.85;0;1
0000044363;36.25;-0.70;-65.95;0;1
0000044396;36.20;-0.75;-66.00;0;1
0000044411;36.15;-0.80;-66.05;0;1
0000044427;36.05;-0.80;-66.15;0;1
0000044443;36.00;-0.85;-66.20;0;1
0000044459;36.00;-0.90;-66.25;0;1
0000044475;35.95;-1.00;-66.25;0;1
0000044513;35.90;-1.10;-66.35;0;1
0000044523;35.90;-1.15;-66.35;0;1
0000044539;35.85;-1.20;-66.40;0;1
0000044560;35.80;-1.20;-66.45;0;1
0000044586;35.80;-1.20;-66.50;0;1
0000044603;35.75;-1.25;-66.55;0;1
0000044618;35.65;-1.30;-66.55;0;1
0000044650;35.55;-1.35;-66.65;0;1
0000044667;35.35;-1.40;-66.75;0;1
0000044699;35.25;-1.40;-66.80;0;1
0000044715;35.25;-1.50;-66.90;0;1
0000044731;35.20;-1.50;-66.95;0;1
0000044747;35.15;-1.55;-67.00;0;1
0000044763;35.15;-1.65;-67.00;0;1
0000044794;35.10;-1.75;-67.05;0;1
0000044810;35.10;-1.80;-67.05;0;1
0000044842;35.10;-1.90;-67.05;0;1
0000044858;35.05;-2.05;-67.15;0;1
0000044891;35.05;-2.05;-67.15;0;1
0000044905;34.95;-2.10;-67.25;0;1
0000044937;34.90;-2.10;-67.30;0;1
0000044953;34.85;-2.15;-67.35;0;1
0000045000;34.75;-2.20;-67.40;0;1
0000045038;34.65;-2.30;-67.50;0;1
0000045053;34.65;-2.35;-67.60;0;1
0000045060;34.60;-2.45;-67.70;0;1
0000045093;34.50;-2.50;-67.70;0;1
0000045108;34.50;-2.55;-67.75;0;1
0000045124;34.30;-2.65;-67.90;0;1
0000045156;34.30;-2.70;-68.00;0;1
0000045188;34.25;-2.75;-68.10;0;1
0000045193;34.25;-2.75;-68.15;0;1
0000045220;34.20;-2.85;-68.15;0;1
0000045236;34.15;-2.85;-68.20;0;1
0000045252;34.10;-2.95;-68.25;0;1
0000045268;34.05;-3.05;-68.25;0;1
0000045284;33.95;-3.15;-68.30;0;1
0000045316;33.90;-3.15;-68.40;0;1
0000045332;33.90;-3.25;-68.50;0;1
0000045364;33.90;-3.35;-68.55;0;1
0000045380;33.85;-3.45;-68.65;0;0
0000045399;33.75;-3.50;-68.75;0;0
0000045424;33.75;-3.50;-68.80;0;0
0000045427;33.65;-3.50;-68.85;0;0
0000045447;33.60;-3.50;-68.90;0;0
0000045477;33.60;-3.50;-68.90;0;0
0000045496;33.55;-3.55;-68.95;0;0
0000045508;33.45;-3.55;-69.00;0;0
0000045523;33.40;-3.60;-69.05;0;0
0000045555;33.40;-3.70;-69.15;0;0
0000045571;33.35;-3.80;-69.15;0;0
0000045593;33.25;-3.90;-69.20;0;0
0000045619;33.20;-3.90;-69.25;0;0
0000045652;33.10;-4.05;-69.25;0;0
0000045668;33.05;-4.10;-69.35;0;0
0000045689;33.05;-4.15;-69.35;0;0
0000045701;33.00;-4.20;-69.35;0;0
0000045733;32.90;-4.25;-69.40;0;0
0000045767;32.80;-4.35;-69.50;0;0
0000045796;32.80;-4.45;-69.50;0;0
0000045859;32.75;-4.55;-69.50;0;0
0000045900;32.70;-4.65;-69.60;0;0
0000045925;32.70;-4.65;-69.65;0;0
0000045948;32.65;-4.70;-69.65;0;0
0000045978;32.65;-4.75;-69.70;0;0
0000046009;32.55;-4.75;-69.75;0;0
0000046039;32.50;-4.80;-69.75;0;0
0000046074;32.50;-4.90;-69.80;0;0
0000046101;32.50;-4.90;-69.85;0;0
0000046135;32.50;-5.00;-69.90;0;0
0000046188;32.40;-5.10;-70.00;0;0
0000046220;32.35;-5.20;-70.05;0;0
0000046250;32.25;-5.30;-70.15;0;0
0000046279;32.20;-5.35;-70.20;0;0
0000046309;32.10;-5.35;-70.25;0;0
0000046342;32.10;-5.40;-70.35;0;0
0000046370;32.05;-5.45;-70.45;0;0
0000046408;32.00;-5.50;-70.55;0;0
0000046432;31.95;-5.55;-70.60;0;0
0000046459;31.85;-5.60;-70.70;0;0
0000046489;31.75;-5.70;-70.75;0;0
0000046524;31.70;-5.80;-70.75;0;0
0000046550;31.65;-5.80;-70.80;0;0
0000046586;31.55;-5.85;-70.85;0;0
0000046639;31.45;-5.95;-70.90;0;0
0000046641;31.40;-6.00;-70.95;0;0
0000046670;31.30;-6.05;-71.00;0;0
0000046701;31.25;-6.10;-71.10;0;0
0000046738;31.15;-6.15;-71.20;0;0
0000046764;31.10;-6.25;-71.25;0;0
0000046792;31.10;-6.25;-71.35;0;0
0000046828;31.05;-6.30;-71.40;0;0
0000046863;31.00;-6.40;-71.45;0;0
0000046886;30.95;-6.45;-71.50;0;0
0000046920;30.90;-6.45;-71.60;0;0
0000046948;30.85;-6.50;-71.60;0;0
0000046972;30.75;-6.50;-71.70;0;0
0000047003;30.65;-6.60;-71.80;0;0
0000047032;30.65;-6.60;-71.85;0;0
0000047061;30.60;-6.60;-71.95;0;0
0000047091;30.50;-6.65;-72.00;0;0
0000047120;30.45;-6.75;-72.00;0;0
0000047155;30.40;-6.80;-72.00;0;0
0000047198;30.35;-6.85;-72.05;0;0
0000047226;30.30;-6.90;-71.90;0;0
0000047246;30.25;-6.95;-71.70;0;0
0000047274;30.20;-7.05;-71.55;0;0
0000047301;30.20;-7.10;-71.45;0;0
0000047335;30.20;-7.15;-71.30;0;0
0000047367;30.15;-7.15;-71.15;0;0
0000047391;30.05;-7.20;-71.00;0;0
0000047423;30.00;-7.20;-70.85;0;0
0000047453;29.90;-7.25;-70.70;0;0
0000047490;29.90;-7.30;-70.60;0;0
0000047519;29.80;-7.40;-70.45;0;0
0000047542;29.75;-7.45;-70.30;0;0
0000047572;29.70;-7.45;-70.10;0;0
0000047602;29.60;-7.55;-69.95;0;0
0000047633;29.55;-7.60;-69.80;0;0
0000047660;29.50;-7.70;-69.70;0;0
0000047693;29.40;-7.75;-69.50;0;0
0000047722;29.30;-7.80;-69.30;0;0
0000047764;29.30;-7.80;-69.20;0;0
0000047795;29.20;-7.85;-69.05;0;0
0000047838;29.15;-7.85;-68.90;0;0
0000047843;29.05;-7.90;-68.75;0;0
0000047872;29.05;-7.95;-68.60;0;0
0000047901;29.05;-7.95;-68.40;0;0
0000047947;29.00;-8.00;-68.30;0;0
0000047961;28.95;-8.00;-68.15;0;0
0000047993;28.95;-8.00;-68.00;0;0
0000048025;28.85;-8.05;-67.85;0;0
0000048051;28.80;-8.10;-67.70;0;0
0000048087;28.75;-8.20;-67.60;0;0
0000048125;28.75;-8.20;-67.45;0;0
0000048143;28.65;-8.25;-67.30;0;0
0000048173;28.55;-8.25;-67.10;0;0
0000048203;28.50;-8.35;-66.95;0;0
0000048235;28.50;-8.40;-66.85;0;0
0000048266;28.45;-8.50;-66.70;0;0
0000048294;28.35;-8.60;-66.60;0;0
0000048323;28.30;-8.70;-66.45;0;0
0000048358;28.30;-8.75;-66.35;0;0
0000048384;28.30;-8.80;-66.25;0;0
0000048432;28.25;-8.85;-66.10;0;0
0000048467;28.25;-8.95;-65.95;0;0
0000048473;28.20;-8.95;-65.85;0;0
0000048504;28.20;-9.00;-65.65;0;0
0000048537;28.15;-9.00;-65.50;0;0
0000048565;28.05;-9.05;-65.30;0;0
0000048602;27.95;-9.05;-65.15;0;0
0000048624;27.85;-9.05;-64.95;0;0
0000048655;27.85;-9.15;-64.75;0;0
0000048685;27.80;-9.15;-64.60;0;0
0000048718;27.75;-9.20;-64.45;0;0
0000048744;27.65;-9.20;-64.35;0;0
0000048777;27.55;-9.25;-64.15;0;0
0000048805;27.50;-9.30;-64.00;0;0
0000048836;27.50;-9.30;-63.90;0;0
0000048867;27.40;-9.35;-63.80;0;0
0000048895;27.35;-9.45;-63.65;0;0
0000048924;27.35;-9.50;-63.50;0;0
0000048958;27.30;-9.55;-63.35;0;0
0000048983;27.20;-9.50;-63.20;0;0
0000049026;27.15;-9.50;-63.10;0;0
0000049045;27.15;-9.50;-63.00;0;0
0000049076;27.10;-9.55;-62.85;0;0
0000049106;27.05;-9.55;-62.70;0;0
0000049135;27.00;-9.60;-62.55;0;0
0000049169;26.95;-9.60;-62.45;0;0
0000049197;26.90;-9.60;-62.30;0;0
0000049225;26.90;-9.55;-62.15;0;0
0000049256;26.80;-9.55;-62.05;0;0
0000049292;26.75;-9.50;-61.90;0;0
0000049320;26.70;-9.55;-61.75;0;0
0000049358;26.65;-9.55;-61.65;0;0
0000049380;26.60;-9.60;-61.55;0;0
0000049406;26.60;-9.65;-61.45;0;0
0000049436;26.55;-9.70;-61.30;0;0
0000049467;26.50;-9.65;-61.10;0;0
0000049496;26.45;-9.60;-60.95;0;0
0000049526;26.45;-9.65;-60.80;0;0
0000049557;26.45;-9.60;-60.65;0;0
0000049586;26.45;-9.60;-60.55;0;0
0000049621;26.45;-9.65;-60.40;0;0
0000049646;26.40;-9.60;-60.25;0;0
0000049689;26.35;-9.60;-60.05;0;0
0000049708;26.30;-9.60;-59.85;0;0
0000049737;26.25;-9.65;-59.65;0;0
0000049768;26.15;-9.65;-59.45;0;0
0000049810;26.15;-9.70;-59.25;0;0
0000049825;26.10;-9.70;-59.10;0;0
0000049860;26.05;-9.75;-58.95;0;0
0000049888;26.05;-9.80;-58.85;0;0
0000049918;25.95;-9.80;-58.70;0;0
0000049952;25.90;-9.75;-58.60;0;0
0000049976;25.90;-9.75;-58.50;0;0
0000050008;25.90;-9.75;-58.40;0;0
0000050038;25.80;-9.75;-58.25;0;0
0000050068;25.75;-9.70;-58.15;0;0
0000050097;25.70;-9.70;-57.95;0;0
0000050131;25.70;-9.75;-57.75;0;0
0000050157;25.65;-9.70;-57.60;0;0
0000050189;25.60;-9.65;-57.45;0;0
0000050226;25.55;-9.70;-57.30;0;0
0000050246;25.50;-9.70;-57.10;0;0
0000050280;25.40;-9.75;-56.95;0;0
0000050307;25.35;-9.75;-56.75;0;0
0000050340;25.35;-9.75;-56.55;0;0
0000050369;25.35;-9.70;-56.40;0;1
0000050391;25.35;-9.70;-56.25;0;1
0000050424;25.30;-9.70;-56.05;1;1
0000050454;25.25;-9.65;-55.90;1;1
0000050501;25.20;-9.60;-55.75;1;1
0000050517;25.20;-9.65;-55.65;1;1
0000050533;25.15;-9.60;-55.45;1;1
0000050583;25.10;-9.55;-55.35;1;1
0000050596;25.10;-9.60;-55.20;1;1
0000050636;25.05;-9.55;-55.05;1;1
0000050667;25.00;-9.55;-54.85;1;1
0000050694;25.00;-9.55;-54.70;1;1
0000050730;24.95;-9.60;-54.55;1;1
0000050758;24.90;-9.65;-54.40;1;1
0000050774;24.90;-9.65;-54.25;1;1
0000050811;24.80;-9.70;-54.15;1;1
0000050838;24.75;-9.70;-54.00;1;1
0000050880;24.75;-9.75;-53.90;1;1
0000050902;24.70;-9.75;-53.70;1;1
0000050933;24.60;-9.70;-53.60;1;1
0000050965;24.55;-9.75;-53.45;1;1
0000050997;24.55;-9.75;-53.30;1;1
0000051029;24.50;-9.75;-53.10;1;1
0000051059;24.40;-9.80;-52.95;1;1
0000051079;24.40;-9.80;-52.80;1;1
0000051111;24.35;-9.85;-52.60;1;1
0000051147;24.35;-9.90;-52.50;1;1
0000051179;24.35;-9.90;-52.30;1;1
0000051212;24.30;-9.85;-52.10;1;1
0000051225;24.25;-9.90;-51.90;1;1
0000051260;24.15;-9.85;-51.75;1;1
0000051291;24.05;-9.90;-51.60;1;1
0000051344;24.00;-9.95;-51.45;1;1
0000051354;23.95;-9.95;-51.30;1;1
0000051387;23.90;-9.90;-51.15;1;1
0000051429;23.80;-9.95;-50.95;1;1
0000051450;23.70;-10.00;-50.80;1;1
0000051483;23.65;-9.85;-50.70;1;1
0000051529;23.60;-9.65;-50.55;1;1
0000051576;23.55;-9.50;-50.40;1;1
0000051592;23.50;-9.40;-50.30;1;1
0000051608;23.50;-9.25;-50.20;1;1
0000051627;23.40;-9.10;-50.00;1;1
0000051704;23.35;-9.00;-49.80;1;1
0000051720;23.20;-8.70;-49.50;1;1
0000051752;23.20;-8.60;-49.40;1;1
0000051768;23.15;-8.45;-49.30;1;1
0000051820;23.05;-8.35;-49.10;1;1
0000051847;23.00;-8.20;-48.95;1;1
0000051863;22.95;-8.05;-48.80;1;1
0000051895;22.85;-7.85;-48.65;1;1
0000051911;22.80;-7.75;-48.55;1;1
0000051927;22.80;-7.60;-48.35;1;1
0000051943;22.75;-7.45;-48.15;1;1
0000051959;22.70;-7.30;-48.00;1;1
0000051990;22.70;-7.15;-47.90;1;1
0000052007;22.70;-6.95;-47.70;1;1
0000052039;22.70;-6.80;-47.55;1;1
0000052046;22.65;-6.70;-47.40;1;1
0000052076;22.65;-6.55;-47.25;1;1
0000052080;22.60;-6.45;-47.15;1;1
0000052096;22.55;-6.35;-46.95;1;1
0000052118;22.50;-6.20;-46.80;1;1
0000052132;22.45;-6.05;-46.60;1;1
0000052153;22.35;-5.90;-46.45;1;1
0000052178;22.35;-5.70;-46.30;1;1
0000052200;22.30;-5.40;-46.05;1;1
0000052224;22.25;-5.30;-45.90;1;1
0000052240;22.20;-5.15;-45.75;1;1
0000052256;22.15;-4.95;-45.65;1;1
0000052277;22.10;-4.80;-45.50;1;1
0000052320;22.05;-4.70;-45.40;1;1
0000052352;22.00;-4.30;-45.10;1;1
0000052384;21.90;-4.20;-44.90;1;1
0000052399;21.80;-3.85;-44.65;1;1
0000052420;21.60;-3.60;-44.35;1;1
0000052432;21.60;-3.50;-44.25;1;1
0000052447;21.50;-3.30;-44.10;1;1
0000052479;21.50;-3.10;-44.00;1;1
0000052499;21.45;-2.95;-43.85;1;1
0000052512;21.40;-2.85;-43.75;1;1
0000052530;21.30;-2.65;-43.65;1;1
0000052547;21.25;-2.50;-43.50;1;1
0000052561;21.25;-2.35;-43.35;1;1
0000052575;21.20;-2.15;-43.20;1;1
0000052608;21.15;-2.05;-43.05;1;1
0000052624;21.10;-1.95;-42.95;1;1
0000052642;21.05;-1.75;-42.80;1;1
0000052656;21.00;-1.55;-42.65;1;1
0000052672;21.00;-1.45;-42.50;1;1
0000052694;20.95;-1.25;-42.30;1;1
0000052721;20.85;-1.10;-42.20;1;1
0000052753;20.70;-0.80;-41.85;1;1
0000052769;20.65;-0.65;-41.75;1;1
0000052803;20.55;-0.35;-41.45;1;1
0000052816;20.55;-0.25;-41.25;1;1
0000052832;20.55;-0.10;-41.15;1;1
0000052848;20.45;0.10;-41.00;1;1
0000052864;20.40;0.25;-40.80;1;1
0000052889;20.35;0.45;-40.65;1;1
0000052911;20.25;0.60;-40.45;1;1
0000052927;20.20;0.80;-40.25;1;1
0000052943;20.15;0.95;-40.05;1;1
0000052959;20.10;1.05;-39.85;1;1
0000052975;20.05;1.25;-39.70;1;1
0000052990;20.05;1.40;-39.50;1;1
0000053006;19.95;1.50;-39.35;1;1
0000053038;19.85;1.60;-39.20;1;1
0000053058;19.85;1.75;-39.00;1;1
0000053080;19.75;1.90;-38.80;1;1
0000053096;19.55;2.15;-38.50;1;1
0000053127;19.50;2.30;-38.35;1;1
0000053143;19.45;2.45;-38.25;1;1
0000053193;19.45;2.55;-38.10;1;1
0000053209;19.35;2.95;-37.65;1;1
0000053225;19.30;3.15;-37.50;1;1
0000053244;19.25;3.35;-37.35;1;1
0000053276;19.20;3.50;-37.20;1;1
0000053293;19.10;3.65;-37.05;1;1
0000053305;19.05;3.75;-36.85;1;1
0000053327;19.00;3.95;-36.75;1;0
0000053336;19.00;4.15;-36.60;1;0
0000053369;18.95;4.30;-36.50;1;0
0000053384;18.95;4.40;-36.35;1;0
0000053416;18.85;4.70;-36.10;0;0
0000053432;18.80;4.85;-35.90;0;0
0000053452;18.80;5.00;-35.70;0;0
0000053464;18.75;5.10;-35.60;0;0
0000053480;18.70;5.30;-35.50;0;0
0000053496;18.70;5.40;-35.35;0;0
0000053518;18.70;5.55;-35.20;0;0
0000053528;18.70;5.75;-35.05;0;0
0000053559;18.65;5.95;-34.85;0;0
0000053576;18.55;6.10;-34.70;0;0
0000053592;18.50;6.20;-34.55;0;0
0000053612;18.45;6.30;-34.40;0;0
0000053624;18.35;6.40;-34.20;0;0
0000053646;18.30;6.55;-34.05;0;0
0000053672;18.25;6.65;-33.90;0;0
0000053688;18.20;6.75;-33.70;0;0
0000053704;18.10;6.95;-33.60;0;0
0000053719;18.10;7.15;-33.50;0;0
0000053743;18.00;7.35;-33.40;0;0
0000053751;17.95;7.50;-33.20;0;0
0000053783;17.85;7.70;-33.00;0;0
0000053799;17.75;7.90;-32.85;0;0
0000053847;17.70;8.00;-32.65;0;0
0000053862;17.50;8.40;-32.25;0;0
0000053888;17.45;8.55;-32.05;0;0
0000053894;17.35;8.70;-31.90;0;0
0000053926;17.30;8.80;-31.70;0;0
0000053941;17.20;8.95;-31.55;0;0
0000053961;17.20;9.10;-31.40;0;0
0000053977;17.20;9.25;-31.25;0;0
0000053994;17.20;9.35;-31.10;0;0
0000054013;17.15;9.50;-31.00;0;0
0000054038;17.10;9.70;-30.90;0;0
0000054060;17.05;9.50;-30.80;0;0
0000054072;17.00;9.35;-30.65;0;0
0000054088;16.90;9.20;-30.55;0;0
0000054119;16.85;9.00;-30.45;0;0
0000054123;16.80;8.90;-30.35;0;0
0000054141;16.75;8.80;-30.15;0;0
0000054163;16.70;8.70;-30.05;0;0
0000054179;16.60;8.50;-29.90;0;0
0000054207;16.50;8.30;-29.75;0;0
0000054221;16.50;8.15;-29.55;0;0
0000054230;16.45;8.00;-29.40;0;0
0000054275;16.40;7.80;-29.30;0;0
0000054276;16.30;7.65;-29.15;0;0
0000054291;16.25;7.55;-28.95;0;0
0000054304;16.15;7.40;-28.80;0;0
0000054320;16.10;7.25;-28.60;0;0
0000054339;16.05;7.05;-28.45;0;0
0000054355;15.95;6.90;-28.30;0;0
0000054375;15.90;6.80;-28.20;0;0
0000054394;15.90;6.65;-28.10;0;0
0000054410;15.90;6.45;-27.95;0;0
0000054431;15.85;6.30;-27.80;0;0
0000054454;15.80;6.15;-27.70;0;0
0000054474;15.75;5.95;-27.55;0;0
0000054486;15.65;5.85;-27.40;0;0
0000054504;15.55;5.75;-27.25;0;0
0000054524;15.55;5.55;-27.05;0;0
0000054537;15.50;5.45;-26.90;0;0
0000054555;15.50;5.25;-26.75;0;0
0000054578;15.50;5.05;-26.55;0;0
0000054609;15.45;4.90;-26.35;0;0
0000054611;15.40;4.80;-26.15;0;0
0000054627;15.40;4.60;-26.00;0;0
0000054644;15.35;4.45;-25.90;0;0
0000054662;15.30;4.30;-25.75;0;0
0000054680;15.20;4.15;-25.60;0;0
0000054698;15.20;4.00;-25.45;0;0
0000054763;15.20;3.85;-25.30;0;0
0000054767;15.10;3.65;-25.15;0;0
0000054769;15.05;3.50;-24.95;0;0
0000054789;15.05;3.10;-24.65;0;0
0000054809;14.95;3.00;-24.50;0;0
0000054825;14.85;2.80;-24.40;0;0
0000054843;14.85;2.65;-24.20;0;0
0000054865;14.75;2.45;-24.05;0;0
0000054878;14.70;2.30;-23.85;0;0
0000054905;14.65;2.20;-23.70;0;0
0000054921;14.60;2.05;-23.55;0;0
0000054947;14.55;1.90;-23.40;0;0
0000054951;14.45;1.80;-23.25;0;0
0000054970;14.35;1.65;-23.15;0;0
0000054993;14.25;1.50;-23.00;0;0
0000055008;14.20;1.30;-22.85;0;0
0000055024;14.10;1.10;-22.70;0;0
0000055042;14.05;0.95;-22.60;0;0
0000055059;14.05;0.80;-22.50;0;0
0000055078;13.95;0.60;-22.35;0;0
0000055099;13.90;0.40;-22.25;0;0
0000055122;13.80;0.30;-22.15;0;0
0000055142;13.75;0.15;-21.95;0;0
0000055154;13.75;0.00;-21.80;0;0
0000055172;13.70;-0.20;-21.70;0;0
0000055190;13.70;-0.35;-21.50;0;0
0000055213;13.60;-0.45;-21.40;0;0
0000055226;13.55;-0.55;-21.30;0;0
0000055240;13.55;-0.70;-21.15;0;0
0000055259;13.45;-0.85;-20.95;0;0
0000055276;13.40;-1.00;-20.75;0;0
0000055293;13.30;-1.10;-20.60;0;0
0000055325;13.20;-1.25;-20.50;0;0
0000055337;13.15;-1.35;-20.30;0;0
0000055349;13.05;-1.45;-20.15;0;0
0000055373;13.05;-1.65;-20.05;0;0
0000055397;13.00;-1.80;-19.90;0;0
0000055425;12.90;-1.90;-19.80;0;0
0000055427;12.85;-2.00;-19.60;0;0
0000055440;12.80;-2.15;-19.45;0;0
0000055466;12.75;-2.30;-19.35;0;0
0000055478;12.70;-2.50;-19.25;0;0
0000055494;12.65;-2.60;-19.05;0;0
0000055514;12.60;-2.70;-18.90;0;0
0000055530;12.50;-2.90;-18.75;0;0
0000055547;12.45;-3.05;-18.65;0;0
0000055571;12.45;-3.20;-18.50;0;0
0000055588;12.35;-3.30;-18.35;0;0
0000055604;12.30;-3.40;-18.20;0;0
0000055621;12.25;-3.60;-18.05;0;0
0000055638;12.25;-3.80;-17.85;0;0
0000055673;12.15;-3.95;-17.70;0;0
0000055677;12.10;-4.10;-17.55;0;0
0000055695;12.05;-4.30;-17.45;0;0
0000055709;12.00;-4.50;-17.30;0;0
0000055727;11.95;-4.70;-17.15;0;0
0000055755;11.85;-4.80;-17.05;0;0
0000055771;11.80;-4.95;-16.95;0;0
0000055788;11.75;-5.10;-16.80;0;0
0000055807;11.70;-5.20;-16.65;0;0
0000055823;11.70;-5.35;-16.55;0;0
0000055845;11.65;-5.50;-16.40;0;0
0000055857;11.60;-5.70;-16.25;0;0
0000055874;11.50;-5.80;-16.05;0;0
0000055890;11.50;-5.90;-15.95;0;0
0000055908;11.40;-6.05;-15.80;0;0
0000055931;11.40;-6.20;-15.65;0;0
0000055944;11.35;-6.35;-15.55;0;0
0000055961;11.30;-6.50;-15.40;0;0
0000055986;11.25;-6.65;-15.25;0;0
0000056005;11.20;-6.80;-15.05;0;0
0000056045;11.10;-7.00;-14.90;0;0
0000056046;11.05;-7.10;-14.70;0;0
0000056051;10.95;-7.30;-14.60;0;0
0000056072;10.95;-7.45;-14.40;0;0
0000056091;10.85;-7.55;-14.25;0;0
0000056106;10.80;-7.70;-14.05;0;0
0000056125;10.75;-7.85;-13.90;0;0
0000056142;10.65;-8.00;-13.80;0;0
0000056165;10.60;-8.20;-13.60;0;0
0000056178;10.60;-8.30;-13.50;0;0
0000056197;10.55;-8.40;-13.40;0;0
0000056222;10.45;-8.50;-13.25;0;0
0000056238;10.45;-8.60;-13.05;0;0
0000056255;10.35;-8.70;-12.85;0;0
0000056272;10.25;-8.85;-12.70;0;0
0000056289;10.20;-9.05;-12.50;0;0
0000056304;10.10;-9.20;-12.30;0;0
0000056324;10.05;-9.40;-12.15;0;0
0000056342;10.00;-9.50;-11.95;0;0
0000056361;10.00;-9.65;-11.85;0;0
0000056378;9.95;-9.55;-11.70;0;0
0000056398;9.90;-9.45;-11.50;0;0
0000056421;9.85;-9.40;-11.40;0;0
0000056437;9.75;-9.35;-11.25;0;0
0000056450;9.70;-9.25;-11.10;0;0
0000056471;9.65;-9.15;-10.95;0;0
0000056490;9.65;-9.05;-10.75;0;0
0000056504;9.55;-9.00;-10.65;0;0
0000056520;9.50;-8.90;-10.55;0;0
0000056542;9.45;-8.75;-10.40;0;0
0000056557;9.40;-8.60;-10.25;0;0
0000056576;9.30;-8.50;-10.10;0;0
0000056593;9.25;-8.40;-10.00;0;0
0000056611;9.25;-8.35;-9.80;0;0
0000056633;9.20;-8.20;-9.65;0;0
0000056655;9.10;-8.15;-9.55;0;0
0000056671;9.10;-8.05;-9.40;0;0
0000056688;9.05;-8.00;-9.30;0;0
0000056705;9.00;-7.90;-9.20;0;0
0000056726;8.95;-7.80;-9.10;0;0
0000056740;8.85;-7.75;-9.00;0;0
0000056757;8.75;-7.70;-8.90;0;0
0000056778;8.65;-7.55;-8.80;0;0
0000056794;8.60;-7.45;-8.60;0;0
0000056812;8.50;-7.30;-8.45;0;0
0000056838;8.45;-7.20;-8.30;0;0
0000056854;8.45;-7.10;-8.15;0;0
0000056886;8.40;-7.05;-8.05;0;0
0000056913;8.40;-6.90;-7.75;0;0
0000056919;8.35;-6.75;-7.55;0;0
0000056940;8.25;-6.65;-7.45;0;0
0000056973;8.20;-6.50;-7.25;0;0
0000056991;8.00;-6.25;-6.85;0;0
0000057025;7.95;-6.15;-6.65;0;0
0000057039;7.90;-6.00;-6.55;0;0
0000057045;7.80;-5.90;-6.35;0;0
0000057062;7.80;-5.75;-6.15;0;0
0000057081;7.80;-5.65;-6.00;0;0
0000057123;7.70;-5.60;-5.85;0;0
0000057124;7.60;-5.45;-5.70;0;0
0000057139;7.55;-5.35;-5.55;0;0
0000057153;7.45;-5.25;-5.40;0;0
0000057172;7.45;-5.20;-5.25;0;1
0000057189;7.35;-5.15;-5.10;0;1
0000057205;7.30;-5.10;-5.00;0;1
0000057220;7.25;-5.05;-4.80;0;1
0000057245;7.25;-5.00;-4.60;0;1
0000057252;7.25;-4.85;-4.40;0;1
0000057270;7.25;-4.70;-4.30;0;1
0000057304;7.15;-4.65;-4.20;0;1
0000057316;7.15;-4.55;-4.05;0;1
0000057332;7.15;-4.50;-3.85;0;1
0000057348;7.15;-4.40;-3.70;0;1
0000057364;7.10;-4.30;-3.55;0;1
0000057379;7.10;-4.20;-3.35;0;1
0000057395;7.05;-4.10;-3.20;0;1
0000057412;7.00;-4.05;-3.05;0;1
0000057428;6.95;-3.95;-2.85;0;1
0000057444;6.95;-3.90;-2.75;0;1
0000057476;6.85;-3.75;-2.55;0;1
0000057497;6.80;-3.65;-2.40;0;1
0000057508;6.70;-3.55;-2.25;0;1
0000057524;6.65;-3.45;-2.15;0;1
0000057556;6.65;-3.35;-2.05;0;1
0000057588;6.55;-3.15;-1.75;0;1
0000057603;6.55;-3.05;-1.65;0;1
0000057619;6.45;-3.00;-1.45;0;1
0000057635;6.45;-2.90;-1.30;0;1
0000057650;6.40;-2.80;-1.20;0;1
0000057677;6.35;-2.70;-1.00;0;1
0000057682;6.35;-2.60;-0.90;0;1
0000057720;6.25;-2.50;-0.75;0;1
0000057730;6.20;-2.45;-0.60;0;1
0000057747;6.10;-2.35;-0.45;0;1
0000057762;6.00;-2.20;-0.25;0;1
0000057783;5.95;-2.10;-0.15;0;1
0000057793;5.90;-2.00;-0.05;0;1
0000057825;5.80;-1.90;0.10;0;1
0000057841;5.75;-1.75;0.25;0;1
0000057873;5.70;-1.65;0.35;0;1
0000057889;5.70;-1.55;0.55;0;1
0000057905;5.55;-1.35;0.90;0;1
0000057920;5.55;-1.25;1.00;0;1
0000057952;5.55;-1.10;1.15;0;1
0000057968;5.50;-0.95;1.35;0;1
0000058000;5.45;-0.85;1.50;0;1
0000058015;5.40;-0.65;1.85;0;1
0000058058;5.40;-0.55;2.05;0;1
0000058064;5.30;-0.45;2.15;0;1
0000058080;5.20;-0.25;2.50;0;1
0000058096;5.20;-0.20;2.65;0;1
0000058143;5.15;-0.15;2.80;0;1
0000058159;5.05;0.00;2.90;0;1
0000058164;4.95;0.15;3.05;0;1
0000058192;4.95;0.30;3.20;0;1
0000058207;4.85;0.35;3.35;0;1
0000058223;4.80;0.50;3.55;0;1
0000058238;4.70;0.65;3.75;0;1
0000058254;4.60;0.80;3.90;0;1
0000058270;4.55;0.95;4.00;0;1
0000058286;4.50;1.00;4.20;0;1
0000058302;4.40;1.10;4.30;0;1
0000058333;4.30;1.25;4.40;0;1
0000058349;4.15;1.45;4.65;0;1
0000058381;4.10;1.50;4.80;0;1
0000058397;4.10;1.60;4.95;0;1
0000058429;4.05;1.75;5.10;0;1
0000058444;3.95;1.85;5.30;0;1
0000058464;3.75;2.05;5.50;0;1
0000058492;3.75;2.15;5.65;0;1
0000058524;3.60;2.35;6.05;0;1
0000058540;3.50;2.40;6.20;0;1
0000058556;3.40;2.50;6.30;0;1
0000058572;3.30;2.65;6.50;0;1
0000058588;3.25;2.75;6.70;0;1
0000058620;3.25;2.85;6.85;0;1
0000058636;3.15;2.95;7.05;0;1
0000058668;3.05;3.10;7.40;0;1
0000058683;3.00;3.20;7.60;0;1
0000058706;2.95;3.35;7.70;0;1
0000058715;2.95;3.45;7.90;0;1
0000058731;2.90;3.55;8.00;0;1
0000058747;2.85;3.65;8.15;0;1
0000058779;2.75;3.75;8.35;0;1
0000058795;2.75;3.90;8.55;0;1
0000058827;2.75;4.00;8.70;0;1
0000058843;2.55;4.10;9.00;0;1
0000058875;2.55;4.20;9.15;0;1
0000058907;2.50;4.40;9.45;0;1
0000058945;2.45;4.55;9.55;0;1
0000058954;2.40;4.65;9.80;0;1
0000058986;2.35;4.80;10.00;0;1
0000059002;2.30;4.90;10.10;0;1
0000059041;2.25;5.00;10.40;0;1
0000059057;2.25;5.05;10.55;0;1
0000059080;2.20;5.10;10.75;0;1
0000059096;2.15;5.25;10.95;0;1
0000059112;2.10;5.35;11.10;0;1
0000059128;2.05;5.50;11.25;0;1
0000059208;2.05;5.55;11.40;0;1
0000059224;1.95;5.80;11.70;0;1
0000059241;1.80;5.95;12.00;0;1
0000059273;1.80;6.05;12.15;0;1
0000059290;1.80;6.15;12.30;0;1
0000059322;1.80;6.25;12.40;0;1
0000059338;1.75;6.35;12.55;0;1
0000059360;1.80;6.45;12.70;0;1
0000059369;1.75;6.55;12.85;0;1
0000059401;1.75;6.65;13.00;0;1
0000059419;1.75;6.80;13.20;0;1
0000059449;1.80;6.90;13.35;0;1
0000059465;1.75;6.95;13.50;0;1
0000059481;1.75;7.05;13.65;0;1
0000059545;1.70;7.10;13.75;0;1
0000059577;1.70;7.35;14.20;0;1
0000059597;1.75;7.50;14.30;0;1
0000059625;1.75;7.65;14.40;0;1
0000059641;1.75;7.70;14.50;0;1
0000059659;1.75;7.85;14.70;0;1
0000059689;1.75;8.00;14.90;0;1
0000059721;1.75;8.15;15.05;0;1
0000059742;1.70;8.20;15.15;0;1
0000059760;1.65;8.25;15.25;0;1
0000059769;1.65;8.30;15.40;0;1
0000059800;1.70;8.40;15.60;0;1
0000059819;1.65;8.50;15.75;1;1
0000059848;1.70;8.65;15.90;1;1
0000059875;1.75;8.75;16.05;1;1
0000059895;1.70;8.90;16.15;1;1
0000059916;1.65;9.00;16.30;1;1
0000059940;1.60;9.10;16.50;1;1
0000059958;1.55;9.20;16.70;1;1
0000059998;1.55;9.25;16.85;1;1
0000060021;1.45;9.50;17.15;1;1
0000060051;1.45;9.60;17.30;1;1
0000060066;1.50;9.40;17.50;1;1
0000060087;1.50;9.30;17.70;1;1
0000060099;1.45;9.10;17.85;1;1
0000060135;1.50;9.00;18.00;1;1
0000060144;1.55;8.85;18.10;1;1
0000060240;1.60;8.65;18.25;1;1
0000060271;1.65;8.10;18.75;1;1
0000060287;1.70;7.95;18.95;1;1
0000060303;1.70;7.80;19.10;1;1
0000060319;1.70;7.65;19.30;1;1
